5985	178
5986	139
5987	139
5998	83
5999	139
6000	178
6001	4760
6003	83
6007	139
6008	178
6009	768
6014	83
6017	768
6018	768
6019	178
6020	139
6022	83
6023	83
6027	768
6028	83
6029	83
6031	83
6032	84
6035	770
6038	83
6043	770
6044	84
6052	84
6056	87
6061	90
6069	90
6072	90
6311	772
6324	774
6521	136
6522	136
6523	172
6524	136
6525	136
6526	136
6527	136
6528	136
6529	130
6530	160
6531	160
6532	160
6533	136
6534	136
6535	130
6536	160
6537	130
6538	130
6539	136
6540	130
6541	130
6542	130
6543	130
6544	130
6545	64
6546	136
6547	136
6548	130
6549	20
6550	141
6551	63
6552	130
6553	130
6554	160
6555	145
6556	130
6557	130
6558	109
6559	129
6560	136
6561	136
6562	146
6563	160
6564	73
6565	141
6566	45
6567	129
6568	130
6569	104
6570	106
6571	109
6572	184
6573	130
6574	64
6575	63
6576	141
6577	129
6578	145
6579	130
6580	168
6581	168
6582	130
6583	45
6584	109
6585	106
6586	62
6587	42
6588	45
6589	168
6590	60
6591	129
6592	145
6593	64
6594	63
6595	60
6596	64
6597	63
6598	60
6599	42
6600	60
6601	157
6602	141
6603	106
6604	58
6605	160
6606	145
6607	217
6608	145
6609	157
6610	131
6611	131
6612	108
6613	114
6614	206
6615	178
6616	139
6617	140
6618	146
6619	129
6620	146
6621	131
6622	168
6623	168
6624	146
6625	83
6626	53
6627	129
6628	120
6629	122
6630	768
6631	129
6632	217
6633	178
6634	178
6635	139
6636	106
6637	168
6638	83
6639	208
6640	217
6641	84
6642	768
6643	168
6644	131
6645	131
6646	178
6647	139
6648	83
6649	107
6650	53
6651	83
6652	84
6653	768
6654	770
6655	168
6656	168
6657	84
6658	146
6659	129
6660	146
6661	146
6662	129
6663	87
6664	95
6665	129
6666	770
6667	168
6668	217
6669	1
6670	0
6671	3
6672	217
6673	0
6674	0
6675	120
6676	0
6677	4759
6678	0
6679	90
6680	90
6681	178
6682	139
6683	83
6684	131
6685	84
6686	217
6687	115
6688	129
6689	129
6690	146
6691	146
6692	768
6693	87
6694	221
6695	53
6696	90
6697	189
6698	83
6699	84
6700	0
6701	178
6702	87
6703	207
6704	146
6705	120
6706	120
6707	126
6708	83
6709	84
6710	139
6711	90
6712	217
6713	768
6714	107
6715	0
6716	180
6717	0
6718	115
6719	115
6720	129
6721	0
6722	131
6723	53
6724	90
6725	90
6726	146
6727	144
6728	144
6729	146
6730	768
6731	217
6732	84
6733	87
6734	0
6735	146
6736	83
6737	107
6738	768
6739	84
6740	87
6741	139
6742	87
6743	90
6744	90
6745	83
6746	84
6747	3
6748	3
6749	1
6750	107
6751	0
6752	248
6753	180
6754	83
6755	165
6756	53
6757	104
6758	129
6759	115
6760	115
6761	90
6762	87
6763	87
6764	144
6765	144
6766	144
6767	0
6768	217
6769	126
6770	0
6771	217
6772	115
6773	87
6774	84
6775	180
6776	87
6777	772
6778	772
6779	772
6780	84
6781	83
6782	144
6783	180
6784	768
6785	770
6786	126
6787	0
6788	768
6789	770
6790	165
6791	207
6792	217
6793	115
6794	0
6795	53
6796	104
6797	104
6798	144
6799	248
6800	3
6801	0
6802	180
6803	89
6804	768
6805	0
6806	274
6807	768
6808	202
6809	0
6810	768
6811	99
6812	80
6813	144
6814	0
6815	142
6816	243
6817	135
6818	66
6819	53
6820	768
6821	94
6822	172
6823	274
6824	193
6825	167
6826	270
6827	202
6828	220
6829	67
6830	273
6831	3
6832	3
6833	3
6834	270
6835	162
6836	289
6837	4
6838	4760
6839	4760
6840	770
6841	0
6842	202
6843	220
6844	244
6845	0
6846	0
6847	290
6848	142
6849	142
6850	181
6851	0
6852	172
6853	182
6854	220
6855	0
6856	297
6857	290
6858	202
6859	273
6860	193
6861	232
6862	266
6863	261
6864	302
6865	282
6866	290
6867	232
6868	273
6869	5
6870	5
6871	220
6872	290
6873	172
6874	142
6875	205
6876	185
6877	273
6878	244
6879	232
6880	247
6881	219
6882	232
6883	3
6884	1
6885	266
6887	182
6888	294
6891	265
6892	237
6893	227
6894	4818
6895	290
6896	295
6897	273
6898	273
6899	3
6900	5
6901	3
6902	262
6903	247
6904	282
6905	261
6906	309
6907	251
6908	273
6909	290
6910	266
6911	303
6912	10
6913	273
6914	275
6916	296
6917	317
6918	317
6919	292
6921	261
6925	269
6927	303
6928	322
6929	5
6930	296
6931	273
6934	331
6935	285
6936	275
6937	269
6938	296
6940	5
6941	331
6942	309
6943	5
6944	296
6945	292
6946	261
6948	5
6949	292
6951	293
6952	317
6953	296
6954	331
6955	269
6956	293
6958	5
6959	331
6960	285
6961	296
6962	275
6963	263
6964	269
6965	309
6966	5
6968	275
6969	308
6970	286
6971	292
6972	272
6973	275
6974	285
6975	331
6976	292
6977	331
6979	3
6980	316
6981	293
6982	296
6983	4728
6984	324
6985	7
6988	292
6989	285
6990	334
6991	340
6992	319
6993	311
6994	321
6995	6
6996	316
6997	331
6998	312
6999	324
7000	316
7001	285
7002	312
7004	338
7005	296
7006	314
7007	316
7008	316
7009	334
7011	285
7012	342
7013	340
7014	316
7015	316
7016	321
7017	347
7019	342
7020	6
7021	316
7022	316
7023	323
7024	352
7025	337
7026	311
7027	316
7028	343
7029	334
7030	344
7031	342
7032	347
7033	342
7034	316
7035	346
7040	344
7041	372
7044	352
7045	316
7046	357
7047	342
7048	316
7049	358
7050	346
7051	372
7052	365
7053	372
7054	337
7055	359
7056	351
7057	363
7058	372
7059	316
7060	372
7061	354
7062	360
7063	372
7064	372
7072	548
7073	372
7074	372
7075	378
7076	348
7077	348
7078	351
7079	310
7080	359
7081	372
7082	362
7083	363
7084	372
7085	372
7086	372
7087	348
7088	351
7089	398
7090	362
7091	342
7092	352
7093	372
7094	400
7103	372
7104	372
7105	372
7106	372
7107	363
7108	362
7109	359
7110	351
7111	348
7112	348
7113	348
7114	348
7115	372
7116	372
7117	372
7118	354
7119	363
7120	359
7121	372
7122	372
7123	372
7124	371
7125	369
7126	348
7127	372
7128	366
7129	367
7130	372
7131	372
7132	363
7133	374
7134	371
7135	372
7136	372
7137	364
7138	364
7139	369
7140	372
7141	392
7146	372
7152	372
7153	367
7154	376
7155	363
7156	374
7157	372
7158	372
7159	364
7160	973
7161	372
7162	371
7164	392
7166	372
7168	395
7169	376
7171	363
7173	372
7174	372
7175	383
7177	973
7178	398
7183	372
7185	408
7186	395
7187	376
7189	372
7190	408
7192	980
7193	372
7194	372
7195	398
7197	395
7198	973
7204	412
7205	395
7207	398
7208	980
7209	383
7211	383
7214	395
7216	973
7217	973
7218	421
7220	411
7221	418
7222	383
7225	411
7227	395
7229	419
7232	419
7233	411
7238	419
7239	425
7240	973
7241	418
7242	421
7243	418
7250	418
7252	419
7253	421
7256	395
7257	439
7263	973
7264	425
7267	419
7268	425
7269	433
7274	425
7277	973
7278	425
7281	425
7284	425
7286	438
7288	418
7289	425
7292	986
7296	988
7297	425
7298	1052
7299	433
7302	986
7303	425
7305	988
7307	993
7308	1025
7314	989
7319	418
7321	1025
7322	426
7323	986
7324	1025
7326	514
7327	989
7328	1008
7329	993
7331	418
7332	996
7333	989
7335	1008
7336	426
7337	1032
7338	996
7340	996
7341	1032
7342	993
7346	996
7347	425
7348	444
7349	1004
7351	996
7353	997
7359	1065
7363	996
7364	418
7365	1015
7366	996
7368	996
7369	444
7370	426
7371	550
7374	426
7377	444
7380	457
7381	444
7386	487
7393	457
7396	444
7399	426
7412	444
7413	444
7416	444
7417	457
7419	1011
7422	455
7428	444
7430	457
7431	457
7432	457
7447	455
7452	444
7470	455
7491	457
7494	457
7495	457
7500	444
7502	444
7510	455
7520	468
7521	457
7527	455
7529	457
7531	444
7532	444
7549	507
7550	468
7551	468
7554	479
7555	479
7558	479
7567	479
7571	551
7575	559
7578	559
7581	551
7585	551
7592	625
7595	598
7598	632
7603	551
7604	3424
7605	619
7610	619
7612	644
7619	3424
7621	628
7622	598
7624	644
7625	675
7627	641
7628	641
7631	628
7632	628
7635	628
7637	628
7642	625
7644	628
7652	772
7653	774
7654	774
7655	772
7656	772
7657	772
7658	771
7659	771
7660	774
7661	774
7662	774
7663	4760
7664	771
7665	771
7666	771
7667	771
7668	774
7669	774
7670	4768
7671	4768
7672	4768
7673	4768
7674	4768
7675	773
7677	776
7678	776
7679	776
7680	4768
7681	4768
7682	4768
7683	4768
7684	776
7685	776
7686	776
7687	776
7688	776
7690	4768
7691	4775
7692	4775
7693	4783
7694	776
7695	776
7696	776
7697	776
7701	779
7702	4781
7703	4783
7704	4783
7705	779
7706	4783
7707	4783
7708	796
7709	4783
7710	4781
7711	4781
7715	328
7716	779
7717	4783
7718	4783
7719	328
7720	4783
7721	4783
7722	328
7723	4781
7724	4781
7725	4943
7726	4926
7727	4781
7728	4784
7729	4785
7730	348
7731	4784
7732	4955
7733	348
7734	328
7735	4786
7736	4786
7742	4783
7743	4786
7744	4784
7745	4783
7746	4789
7747	4781
7748	4785
7749	4949
7750	4781
7751	4781
7752	4959
7753	4784
7754	4794
7755	4794
7756	4794
7757	4953
7758	4784
7759	348
7760	348
7761	4792
7762	4792
7763	4785
7764	4784
7765	4949
7766	4959
7767	4960
7768	4794
7769	4794
7770	4785
7771	348
7772	348
7773	4785
7774	4792
7775	4792
7776	348
7777	348
7778	4797
7779	4794
7780	4794
7781	4790
7782	4784
7783	4794
7784	819
7785	4784
7786	4781
7787	4792
7788	4781
7789	4789
7790	4789
7792	4783
7795	4783
7798	4785
7799	4792
7800	4785
7801	368
7802	348
7803	4792
7804	4792
7805	4792
7806	4791
7807	4794
7808	348
7809	4791
7810	780
7811	370
7812	390
7813	788
7814	390
7815	4789
7816	4789
7817	782
7818	774
7825	4789
7826	4789
7835	782
7836	779
7875	903
7876	895
7877	911
7878	891
7879	891
7880	894
7881	897
7882	1190
7883	1190
7884	1190
7885	1180
7886	1179
7887	1179
7888	1173
7889	205
7890	228
7891	253
7892	205
7893	218
7894	253
7895	215
7896	272
7897	219
7898	252
7899	230
7900	265
7901	195
7902	267
7903	284
7904	901
7905	284
7906	229
7907	218
7908	901
7909	236
7910	883
7911	881
7912	874
7913	303
7914	1083
7915	907
7916	914
7917	271
7918	870
7919	914
7920	907
7921	246
7922	886
7923	913
7924	927
7925	282
7926	913
7927	303
7928	921
7929	912
7930	291
7931	896
7932	1277
7933	921
7934	1277
7935	330
7936	923
7937	932
7938	288
7939	1283
7940	1278
7941	946
7942	462
7943	1278
7944	282
7945	880
7946	291
7947	300
7948	932
7949	330
7950	1278
7951	946
7952	932
7953	296
7954	300
7955	305
7956	924
7957	331
7958	908
7959	933
7960	932
7961	955
7962	305
7963	318
7964	932
7965	318
7966	955
7967	957
7968	909
7969	955
7970	320
7971	318
7972	932
7973	957
7974	332
7975	933
7976	942
7977	336
7978	955
7979	932
7980	246
7981	933
7982	957
7983	332
7984	336
7985	962
7986	932
7987	968
7988	943
7989	1287
7990	332
7991	336
7992	939
7993	350
7994	962
7995	350
7996	968
7997	939
7998	1287
7999	958
8000	343
8001	968
8002	968
8003	1287
8004	335
8005	958
8006	350
8007	939
8008	364
8009	1292
8010	974
8011	974
8012	940
8013	958
8014	961
8015	350
8016	364
8017	1294
8018	981
8019	981
8020	939
8021	958
8022	961
8023	350
8024	364
8025	364
8026	350
8027	961
8028	958
8029	939
8030	350
8032	981
8033	1296
8034	350
8035	973
8036	961
8037	970
8038	958
8040	973
8042	973
8043	958
8047	971
8048	970
8049	970
8050	961
8052	969
8054	971
8055	275
8057	970
8058	969
8060	961
8062	972
8064	971
8066	970
8068	973
8069	979
8070	972
8072	1298
8073	986
8075	1298
8076	1158
8077	1038
8079	972
8081	1150
8082	979
8083	1168
8084	986
8086	1026
8087	986
8088	963
8089	1173
8090	977
8092	977
8093	1047
8094	1173
8095	986
8096	1003
8097	977
8098	988
8099	986
8100	1235
8101	986
8102	1235
8103	1235
8104	986
8105	988
8107	977
8108	1037
8109	1214
8110	972
8111	986
8112	989
8113	1180
8114	972
8115	1239
8116	1190
8117	1052
8118	1190
8119	985
8120	1222
8121	1222
8122	986
8123	1009
8124	1065
8125	1009
8126	977
8127	1009
8128	989
8129	977
8130	1009
8131	1009
8132	1000
8133	989
8134	1000
8135	985
8136	985
8137	915
8138	907
8139	267
8140	253
8141	284
8142	914
8143	921
8144	1278
8145	957
8146	946
8147	330
8148	331
8149	962
8150	964
8151	1287
8152	1222
8153	1009
8154	1253
8155	1173
8156	1298
8157	1031
8158	1037
8159	1022
8167	1421
8168	1311
8169	1131
8170	1421
8171	1351
8172	1131
8173	1351
8174	1131
8175	1351
8176	1131
8177	1131
8178	2907
8179	1536
8180	2217
8181	2921
8182	2217
8183	2217
8184	2072
8185	2217
8186	2072
8187	2072
8188	2072
8189	2217
8190	1127
8191	1463
8192	1523
8193	1497
8194	1496
8195	1498
8196	1527
8197	1498
8198	1501
8199	1120
8200	1503
8201	1121
8202	1121
8203	1460
8204	1123
8205	1123
8206	1460
8207	1125
8208	1455
8209	1125
8210	1455
8211	1455
8212	1125
8213	1173
8214	1455
8215	1136
8216	1135
8217	1147
8218	1153
8219	1159
8220	1148
8221	1138
8222	1135
8223	1135
8224	857
8225	1143
8226	1142
8227	860
8228	1144
8229	1113
8230	1115
8231	1112
8232	1112
8233	1116
8234	1116
8235	1118
8236	1151
8237	1409
8238	1166
8239	1158
8240	1157
8241	1164
8242	1156
8243	879
8244	930
8245	1176
8246	1161
8247	1122
8248	1164
8249	1173
8250	930
8251	1152
8252	1161
8253	1176
8254	972
8255	1173
8256	937
8257	1526
8258	1526
8259	1122
8260	1174
8261	1173
8262	937
8263	1122
8264	1152
8265	1165
8266	1161
8267	1170
8268	1175
8269	1177
8270	1174
8271	937
8272	1179
8273	1174
8274	937
8275	1504
8276	1526
8277	1531
8278	1170
8279	1170
8280	1165
8281	1170
8282	1161
8283	937
8284	1178
8285	1179
8286	1170
8287	1124
8288	1531
8289	1504
8290	1179
8291	1178
8292	937
8293	1504
8294	1531
8295	1124
8296	1445
8297	1180
8298	1179
8299	944
8300	1124
8301	1531
8302	1170
8303	1170
8304	1170
8305	1438
8306	2803
8307	1508
8308	1422
8309	1100
8310	1455
8311	1455
8312	1180
8313	1179
8314	944
8315	1420
8316	1420
8317	1422
8318	1422
8319	1201
8320	1180
8321	1179
8322	963
8323	1180
8324	1179
8325	963
8326	1420
8327	1353
8328	1338
8329	1207
8330	1201
8331	1352
8332	1338
8333	1338
8334	1207
8335	1201
8336	1194
8337	1180
8338	963
8339	1338
8340	1408
8341	1340
8342	1207
8343	1207
8344	1180
8345	1194
8346	1338
8347	1338
8348	1338
8349	1408
8350	963
8351	1338
8352	1207
8353	1201
8354	1194
8355	1190
8356	963
8357	1090
8358	1201
8359	1090
8360	1194
8361	1190
8362	1497
8363	1523
8364	2654
8365	963
8366	1167
8367	1194
8368	1190
8369	1111
8370	1111
8371	1145
8372	2217
8373	1189
8374	1131
8375	1190
8376	2217
8377	2217
8378	2217
8379	1194
8380	1131
8381	1190
8382	1121
8383	1120
8384	1120
8385	2217
8386	2217
8387	1194
8388	1131
8389	1190
8390	2217
8391	2217
8392	2217
8393	1131
8394	2217
8395	2217
8396	1458
8397	2217
8398	1131
8399	2217
8400	1123
8401	1185
8402	1194
8403	1131
8404	1131
8405	1131
8406	1194
8407	1176
8408	1176
8409	1279
8410	1280
8411	1176
8412	1282
8413	1176
8414	1279
8415	1282
8416	1281
8417	1171
8418	1176
8419	1175
8420	913
8421	1175
8422	1281
8423	1176
8424	1175
8425	1171
8426	1287
8427	1286
8428	1184
8429	1171
8430	1287
8431	1289
8432	1184
8433	1171
8434	1289
8435	1289
8436	1302
8437	1196
8438	1198
8439	1290
8440	1289
8441	1197
8442	1201
8443	1202
8444	1293
8445	1291
8446	1294
8447	1201
8448	1293
8449	1202
8450	1199
8451	1293
8452	1293
8453	1294
8454	1201
8455	1209
8456	1210
8459	1201
8460	1209
8461	1210
8464	1209
8465	1209
8466	1210
8468	1209
8469	1225
8470	1297
8471	1154
8472	1154
8473	1166
8474	1176
8475	1279
8476	1280
8477	1287
8478	1121
8479	1297
8480	1297
8481	1210
8483	2787
8484	1537
8485	1536
8486	1537
8487	2376
8488	1543
8489	1536
8490	2265
8491	1536
8492	2265
8493	2217
8494	2217
8495	2265
8496	1853
8497	2217
8498	2265
8499	2217
8500	3059
8501	3053
8502	2072
8503	3053
8504	1356
8505	2072
8506	2072
8507	2072
8508	2072
8509	2217
8510	2217
8511	2217
8512	2217
8513	2217
8514	2217
8515	2402
8516	2402
8517	2812
8518	2377
8519	1544
8520	1544
8521	1544
8522	2182
8523	2182
8524	2182
8525	2182
8526	1652
8527	2072
8528	1675
8529	2072
8530	1675
8531	1675
8532	2072
8533	2072
8534	2751
8535	2763
8536	2769
8537	2713
8538	2462
8539	2852
8541	1651
8542	1651
8543	1651
8544	1651
8545	1651
8546	1651
8547	1651
8548	1675
8549	1675
8550	1652
8551	1651
8552	1652
8553	1651
8554	1675
8555	1651
8556	1675
8557	2072
8558	1651
8559	1652
8560	1651
8561	1375
8562	1652
8563	2072
8564	2268
8565	1675
8566	2268
8567	2270
8568	2268
8569	2072
8570	2270
8571	2270
8572	2268
8573	2072
8574	2072
8575	2268
8576	1781
8577	2270
8578	2072
8579	2072
8580	2268
8581	2270
8582	2072
8583	2268
8584	2270
8585	2072
8586	2270
8587	2270
8588	2268
8589	2268
8590	2072
8591	2072
8592	2268
8593	2270
8594	2268
8595	2072
8596	2268
8597	2268
8598	2402
8599	2270
8600	2072
8601	2268
8602	2270
8603	2072
8604	1549
8605	2402
8606	2217
8607	1549
8608	1547
8609	2402
8610	2462
8611	1547
8612	1547
8613	1548
8614	1549
8615	2402
8616	2402
8617	3166
8618	2763
8619	2751
8620	2713
8621	2402
8623	2462
8624	2462
8626	2709
8627	2647
8628	2713
8629	2769
8630	2763
8631	2751
8632	2812
8633	2654
8634	1534
8635	2787
8636	2647
8637	2905
8638	3008
8639	2822
8640	2812
8641	2763
8642	2769
8643	2769
8644	2945
8645	2822
8646	2763
8647	2769
8648	2812
8649	2812
8650	2985
8651	3025
8652	2812
8653	2763
8654	2909
8655	3012
8656	2769
8657	3025
8658	2812
8659	2763
8660	2909
8661	2812
8662	3058
8663	2847
8664	2847
8665	3053
8666	2763
8667	2812
8668	2847
8669	2999
8670	3077
8671	2847
8672	2847
8673	2812
8674	2884
8675	3053
8676	2812
8677	2847
8678	3077
8679	2884
8680	2847
8681	2941
8682	3053
8683	2858
8684	2884
8685	2847
8686	3077
8687	2941
8688	2847
8689	2884
8690	2858
8691	3086
8692	2928
8693	2884
8694	2928
8695	3111
8696	2947
8697	3072
8698	2955
8699	3098
8700	2928
8701	3117
8702	3116
8703	3072
8704	3098
8705	2928
8706	3114
8707	2947
8708	3104
8709	3117
8710	2955
8711	3098
8712	3092
8713	3082
8714	2980
8715	3104
8716	3113
8717	3113
8718	2980
8719	3068
8720	2848
8721	2709
8722	2647
8723	2713
8724	2769
8725	2763
8726	2763
8727	1475
8728	1518
8729	1467
8730	1467
8731	1482
8732	1467
8733	1478
8734	1467
8735	1467
8736	1467
8737	2898
8738	2898
8739	2826
8740	2826
8741	2787
8742	2787
8743	1430
8744	2945
8745	2654
8746	2654
8747	2700
8748	2700
8749	2832
8750	2832
8751	2871
8752	2880
8753	3024
8754	2880
8755	2941
8756	1479
8757	1465
8758	1520
8759	1465
8760	1455
8761	1525
8762	1455
8763	1528
8764	1120
8765	1456
8766	1530
8767	1530
8768	1463
8769	1532
8770	1463
8771	1532
8772	1463
8773	1463
8774	1321
8775	1532
8776	1534
8777	1463
8782	2840
8783	2840
8784	2827
8785	2840
8786	3293
8787	3293
8788	3293
8789	3293
8790	3298
8791	3298
8792	3301
8793	3301
8794	3321
8795	3321
8796	3313
8797	3313
8798	3324
8799	3324
8800	2535
8801	2535
8802	2702
8956	2702
8957	2702
8959	2702
8960	2702
8961	2702
8962	2702
8973	2702
8983	2938
8995	2702
9011	2702
9020	2702
9021	2702
9022	2702
9033	1651
9034	1628
9035	3205
9041	2702
9043	2702
9049	3205
9053	2702
9065	2702
9067	3205
9070	2702
9071	2702
9072	2702
9078	3205
9088	3208
9090	1696
9091	1651
9092	3208
9103	3208
9104	2702
9116	2702
9119	3208
9124	1651
9138	2702
9139	2702
9140	2702
9141	2702
9142	2702
9143	2702
9144	3208
9152	2702
9155	2702
9156	2702
9157	3208
9161	1651
9162	1696
9163	3208
9165	1651
9166	2702
9186	3208
9191	2702
9192	2702
9197	3211
9204	2702
9206	1651
9209	2702
9219	3208
9220	2702
9222	2702
9231	3211
9234	2702
9235	2702
9236	2702
9237	2702
9246	2702
9257	1651
9258	1651
9264	2702
9269	1696
9270	3239
9271	1651
9273	3211
9274	2702
9276	3239
9279	1651
9280	1651
9298	3239
9299	3211
9300	3211
9305	2702
9306	2702
9312	3211
9317	3239
9318	1560
9319	1560
9324	2702
9337	3211
9339	2702
9342	3239
9350	1661
9351	1735
9352	3239
9353	1560
9358	3239
9359	3239
9360	1651
9362	3239
9363	3211
9367	1651
9369	1560
9370	3239
9371	3239
9373	3239
9375	3239
9386	3239
9387	3239
9388	3239
9389	3239
9393	2702
9394	2702
9395	2702
9397	3239
9398	3239
9400	3239
9401	3239
9402	3239
9405	3239
9406	3239
9407	3239
9416	3239
9418	1651
9419	3239
9420	2702
9423	1817
9426	3239
9427	1661
9430	3239
9433	1651
9436	2702
9437	1560
9438	3239
9439	3239
9442	3239
9445	1651
9447	2702
9448	1560
9460	1560
9462	2702
9463	3239
9464	1651
9466	3239
9467	3239
9468	3239
9469	3239
9470	2702
9471	2702
9472	2702
9480	2702
9485	3239
9486	3239
9487	3239
9488	3247
9489	3247
9491	3239
9492	3239
9493	3239
9497	3259
9499	3247
9500	3247
9501	3247
9502	2702
9503	3239
9504	3262
9513	1560
9514	3247
9516	1560
9519	3247
9520	3247
9521	3247
9522	3247
9523	3247
9526	2702
9535	3239
9537	2702
9541	3247
9542	3247
9543	2702
9544	2702
9546	1651
9548	3259
9549	1661
9550	3247
9551	1654
9552	1651
9553	1651
9555	3247
9558	3262
9559	3242
9560	3239
9561	1656
9562	1651
9563	3293
9564	3293
9565	1651
9566	1651
9567	1651
9568	1651
9574	3259
9576	3239
9577	1651
9585	3262
9586	3247
9587	3259
9588	1560
9589	1560
9590	2249
9592	1651
9593	3262
9598	2702
9599	2702
9600	3262
9601	3259
9602	3262
9603	2154
9606	3262
9608	1651
9609	1560
9618	2249
9619	1651
9620	3262
9623	1555
9624	1555
9625	1557
9626	1560
9627	1560
9630	1555
9634	2702
9636	1555
9637	1555
9638	1557
9639	1560
9640	2249
9642	2249
9643	3262
9645	2249
9646	1555
9647	1560
9648	1555
9649	1555
9650	1557
9651	1555
9653	2702
9654	2702
9657	1651
9658	1557
9659	1555
9660	1651
9661	2702
9662	2249
9667	1555
9668	1651
9669	1651
9672	1555
9674	1560
9675	2702
9680	1550
9681	2268
9683	1555
9686	1555
9688	1560
9690	2249
9692	1560
9694	1555
9696	2766
9701	1560
9703	1551
9704	2702
9711	1651
9712	1560
9714	2702
9717	1651
9718	1560
9721	1560
9722	1560
9723	1560
9729	2249
9730	2249
9731	2249
9732	2249
9740	1551
9749	2702
9759	1560
9760	1555
9767	2702
9768	1651
9769	1560
9770	1555
9776	1551
9779	1560
9780	1560
9782	2702
9787	1651
9789	2702
9796	1554
9804	1560
9816	2702
9818	1551
9839	1560
9840	1560
9841	1651
9845	1560
9850	1554
9853	1560
9862	1651
9863	1554
9864	1554
9865	1554
9866	1554
9869	2702
9880	2702
9881	2268
9882	1560
9886	1560
9890	1554
9891	1554
9895	1554
9904	1651
9909	2709
9912	1560
9914	2702
9920	1651
9921	2702
9922	1550
9930	1560
9938	1554
9939	1560
9942	1560
9947	2702
9950	1554
9951	1554
9952	1554
9960	1551
9961	1560
9966	2702
9968	1554
9974	1551
9979	1675
9993	1969
9994	3324
10000	1675
10004	1551
10010	1552
10015	2702
10016	2702
10017	3324
10024	1554
10026	1560
10032	2268
10037	2702
10040	2702
10045	2709
10047	1675
10049	1554
10050	1554
10051	1560
10054	1554
10055	1550
10058	1554
10068	2709
10071	2702
10073	1551
10076	2702
10082	1551
10092	3313
10093	2903
10094	1551
10099	2462
10100	1550
10132	3293
10133	3313
10138	2702
10141	3313
10144	1560
10149	1550
10181	1551
10183	3301
10196	2462
10202	2702
10204	1551
10211	1550
10216	3293
10238	3293
10258	3298
10266	1550
10275	3293
10276	3286
10282	3298
10304	1550
10316	1550
10320	1551
10324	2709
10325	3324
10326	3313
10327	3313
10341	1551
10344	3293
10354	3313
10356	3293
10374	1550
10378	2702
10379	2702
10385	1550
10400	1551
10410	2840
10411	3293
10454	1550
10470	2702
10477	3301
10519	1550
10558	2840
10585	2840
10591	3293
10598	2535
10618	3286
10619	3293
10620	3298
10632	3298
10634	1550
10651	3293
10685	3321
10686	3301
10687	2702
10694	2840
10696	3321
10697	3313
10726	3324
10743	2840
10767	2840
10768	3293
10796	3313
10853	3313
10857	2751
10931	2840
10945	2702
10946	2702
10955	3321
10966	2840
10975	2840
10985	3301
10991	2840
10998	2840
11005	3301
11009	3293
11010	3293
11011	3293
11016	3293
11024	3361
11025	3298
11036	3324
11114	3324
11417	2535
11418	2535
11419	3336
11420	3336
11421	2371
11422	3313
11423	3321
11424	3321
11425	3301
11426	3301
11427	3298
11428	3298
11429	3293
11430	3293
11431	3293
11432	3293
11433	2840
11434	2827
11435	2840
11436	2825
11447	2798
11448	2798
11449	2702
11461	2798
11462	2798
11463	2798
11464	2798
11465	2798
11466	2798
11467	2798
11468	2702
11469	2798
11470	2798
11471	2702
11472	2702
11473	2702
11474	2702
11475	2702
11635	3321
11713	3336
11724	3298
11725	3298
11733	3293
11738	2840
11739	3293
11740	3293
11744	3301
11751	2828
11758	2825
11764	3301
11774	2828
11783	2827
11794	3321
11803	2535
11804	3336
11818	2828
11892	2828
11896	3321
11953	3321
11981	2840
11982	2825
12006	2827
12023	3321
12052	3321
12053	3321
12055	2828
12062	2535
12063	3301
12064	3321
12098	3310
12114	2984
12115	2828
12117	3298
12129	3298
12130	3293
12131	3293
12151	3336
12158	2893
12164	2827
12191	2828
12230	2828
12272	3301
12279	3336
12295	2828
12313	3008
12338	2893
12339	2827
12349	2828
12364	2828
12370	2679
12371	2679
12375	2828
12393	2893
12395	3321
12405	2893
12408	2870
12422	3321
12423	3321
12424	3321
12425	3008
12429	2828
12433	2828
12445	2828
12467	3298
12473	3317
12474	3317
12483	2828
12491	3298
12511	2893
12533	2893
12538	2828
12545	2870
12547	3336
12553	3037
12566	3301
12568	2828
12586	2929
12600	2828
12605	3321
12608	3321
12611	2679
12616	3321
12617	2893
12628	2984
12649	2828
12650	3037
12655	2893
12656	2053
12657	3321
12658	3030
12667	2893
12673	3336
12676	2861
12678	2679
12681	3030
12691	3298
12694	2828
12695	3298
12698	3321
12699	3311
12700	3317
12702	3088
12704	3030
12709	2679
12712	2679
12717	2828
12723	3321
12725	3298
12732	3321
12733	2679
12734	3321
12739	2893
12743	2679
12745	3333
12749	3057
12752	2957
12755	3321
12756	3333
12770	3088
12774	2957
12775	3333
12781	3337
12783	2679
12788	3321
12789	3333
12797	3347
12798	3035
12799	3298
12800	2957
12802	2679
12807	3321
12810	3321
12811	3298
12815	3030
12819	3321
12827	2861
12828	2679
12829	3088
12835	2679
12837	3321
12840	3030
12845	3089
12854	3307
12858	3307
12859	3298
12863	3321
12867	3321
12868	2847
12869	2679
12880	3336
12883	3296
12884	3355
12885	3337
12886	3337
12887	3039
12896	3321
12899	3337
12904	3321
12908	3089
12909	3321
12910	3321
12931	3333
12933	3346
12945	3321
12953	3307
12960	2679
12962	3062
12967	2679
12969	3321
12970	3321
12973	3333
12979	3307
12980	3321
12981	3116
12982	2805
12988	3112
12989	3307
12990	3321
13000	2679
13009	3333
13017	3296
13018	3296
13019	3355
13020	3355
13022	2957
13026	3321
13027	3321
13028	3321
13031	3321
13032	3089
13034	2957
13035	2679
13037	3256
13038	3116
13039	2679
13045	2679
13046	3333
13048	3321
13053	3039
13055	3307
13057	3321
13059	3337
13061	3321
13063	3307
13066	3307
13068	2906
13069	2892
13074	2679
13075	3321
13077	3307
13080	3116
13081	3116
13082	3307
13087	3323
13088	2679
13089	3039
13090	3307
13091	3321
13092	3116
13095	2679
13096	2679
13098	3307
13099	3321
13100	3331
13101	3321
13102	3321
13103	3331
13104	3355
13106	3331
13107	3333
13109	3355
13110	3321
13111	3321
13112	3321
13113	3331
13115	2679
13119	3307
13122	3321
13123	3321
13124	3321
13125	3321
13126	3323
13129	3331
13130	3116
13131	3333
13140	3321
13141	3063
13143	3331
13146	3355
13147	3331
13148	3331
13149	3331
13150	2679
13151	2805
13156	3323
13157	3106
13159	3333
13160	3321
13161	3321
13162	3321
13163	3355
13164	3323
13172	3116
13173	3331
13175	3331
13181	3106
13182	3084
13183	3084
13184	3063
13185	3333
13186	2892
13187	3084
13188	2917
13189	3331
13190	3331
13191	3323
13194	3333
13195	2798
13196	3080
13197	3080
13198	3080
13199	2892
13200	2958
13201	3331
13203	3080
13205	2679
13206	2679
13207	3333
13208	3333
13212	2805
13214	3331
13223	2679
13226	3355
13227	3333
13228	3333
13229	3355
13230	3333
13233	3321
13235	3333
13236	3321
13241	2956
13245	3323
13246	3331
13247	2679
13248	3360
13249	3360
13250	3323
13252	3323
13256	3331
13257	3331
13258	3331
13260	3323
13261	3323
13262	3360
13263	3360
13264	3360
13266	2956
13269	2679
13277	2679
13278	2679
13279	2679
13280	3323
13281	3331
13282	3331
13283	3331
13284	2956
13285	3087
13286	3331
13287	2679
13289	3321
13290	2798
13297	2956
13301	3321
13302	2679
13304	3103
13307	3323
13310	3331
13311	3331
13312	3321
13313	2805
13316	2956
13319	3323
13322	3096
13323	3323
13326	3063
13329	2679
13330	2966
13331	2977
13333	3323
13342	3323
13343	3323
13344	3323
13347	3323
13348	3078
13349	3360
13351	2862
13352	3323
13354	2679
13355	2679
13356	2679
13360	3331
13361	3331
13362	3331
13363	3331
13374	2834
13376	2834
13378	2834
13379	3321
13380	3321
13382	3100
13386	2834
13387	2862
13389	3103
13390	2834
13391	3323
13396	2805
13397	3323
13398	3097
13399	3010
13405	2798
13407	2834
13410	2679
13412	2834
13425	2834
13427	2956
13430	2805
13431	2834
13432	2834
13433	2808
13434	2808
13437	2834
13443	2834
13444	2679
13449	2834
13450	2834
13451	2925
13454	2808
13455	2808
13457	2798
13458	2808
13459	2808
13460	2956
13469	3063
13470	3066
13473	2925
13474	2808
13475	2798
13476	2834
13478	3066
13479	3101
13480	3010
13481	2798
13485	2798
13487	2956
13490	2956
13491	3063
13492	2956
13497	2798
13498	2798
13499	2798
13503	2834
13511	2798
13512	2834
13513	2798
13514	2798
13515	2798
13518	2834
13527	2798
13529	2798
13530	2798
13539	2808
13540	2798
13543	3022
13545	2798
13547	2808
13550	2808
13552	2834
13557	2798
13558	2798
13563	2901
13568	2808
13569	2796
13571	2808
13572	2956
13573	2808
13578	2808
13579	2798
13581	2808
13582	2808
13583	2798
13584	3028
13586	3048
13587	2919
13588	3066
13589	2808
13590	2808
13591	2808
13592	2798
13593	2798
13594	2798
13597	2798
13601	2798
13602	2808
13603	2702
13604	2956
13605	2798
13606	2798
13607	2798
13608	2798
13609	2798
13610	2798
13611	2798
13612	2798
13613	2798
13614	2798
13615	2808
13616	2808
13617	2798
13618	2702
13619	2702
13620	2796
13621	2808
13622	2808
13623	2808
13624	2956
13625	3028
13626	2977
13627	2808
13628	2808
13629	2808
13630	2889
13631	2808
13632	2808
13633	2798
13635	2808
13636	2798
13637	2798
13638	2808
13639	2808
13640	2808
13641	2808
13642	2798
13643	2808
13644	2808
13645	2798
13646	2889
13650	2808
13651	2808
13652	2796
13653	2808
13654	2808
13655	2808
13656	2808
13657	2891
13658	3022
13659	2919
13660	2808
13661	2798
13662	2798
13663	2808
13664	2808
13665	2808
13666	2808
13667	2808
13668	2808
13669	2808
13670	2808
13671	2798
13672	2798
13673	2796
13674	2798
13675	2798
13676	2808
13677	2798
13678	2798
13679	2798
13680	2796
13681	2808
13682	2889
13683	2808
13684	2798
13685	2798
13686	2808
13687	2798
13688	2798
13689	2798
13690	2798
13691	2798
13692	2860
13693	2977
13694	3065
13695	2808
13696	2798
13697	2808
13698	2808
13699	2808
13700	2889
13701	2796
13702	2796
13703	2796
13704	2808
13705	2798
13706	2798
13707	2798
13708	2798
13709	2808
13710	2808
13711	2808
13712	2808
13713	2798
13714	2891
13715	2867
13716	3022
13717	2798
13718	2977
13719	2891
13720	2867
13721	2860
13722	2891
13723	2977
13724	2860
13725	2860
13726	2977
13727	2798
13728	2798
13729	2798
13730	2798
13731	2798
13732	2798
13733	2798
13734	2798
13735	2798
13736	2798
13738	2798
13739	2798
13740	2798
13741	2798
13742	2798
13743	2798
13744	2798
13745	2798
13746	2798
13747	2798
13748	2798
13749	2798
13753	2798
13754	2798
13755	2798
13756	2798
13757	2798
13758	2798
13759	2798
13760	2798
13761	2798
13762	2798
13763	2798
13764	2798
13765	2798
13766	2798
13767	2798
13768	2798
13769	2798
13770	2798
13771	2798
13772	2798
13773	2798
13774	2798
13775	2798
13776	2798
13777	2798
13778	2798
13779	2798
13780	2798
13781	2798
13782	2798
13783	2798
13784	2798
13785	2798
13786	2798
13787	2798
13788	2798
13789	2798
13790	2798
13791	2798
13792	2798
13793	2798
13794	2798
13795	2798
13796	2798
13797	2798
13798	2798
13799	2798
13800	2535
13801	2798
13802	2798
13803	2798
13804	2798
13805	2798
13806	2798
13807	2798
13808	2798
13809	2798
13810	2798
13811	2798
13812	2798
13813	2798
13814	2798
13815	2798
13816	2798
13817	2798
13818	2798
13819	2798
13820	2798
13821	2702
13822	2702
13823	2702
13824	2702
13825	2798
13826	2798
13827	2702
13828	2798
13829	2702
13830	2798
13831	2798
13832	2798
13833	2798
13834	2798
13835	2798
13836	2798
13947	2535
13948	2535
13949	3336
13950	3336
13951	3324
13952	3321
13953	3313
13954	3321
13955	3321
13956	3301
13957	3301
13958	3298
13959	3298
13960	3293
13961	3293
13962	3293
13963	2840
13964	2840
13965	2751
13966	2825
13967	2827
13972	3211
13973	3211
13974	3211
13975	3211
13976	3211
13977	3211
13978	3205
13979	3205
13980	3211
13981	3205
13982	3205
13983	3205
13984	3211
13985	3205
13986	3211
13987	3211
13988	3211
13989	3205
13990	3211
13991	3211
13992	3211
13993	3211
13994	3211
13995	3211
13996	3211
13997	3175
13998	3205
13999	3205
14000	3205
14001	3205
14002	3211
14003	3205
14004	3205
14005	3205
14006	3205
14007	3211
14008	3205
14009	3205
14010	3205
14011	3205
14012	3211
14013	3211
14014	3211
14015	3211
14016	3205
14017	3211
14018	3205
14019	3205
14020	3205
14021	3205
14022	3205
14023	3205
14024	3205
14025	3205
14026	3205
14027	3211
14028	3211
14029	3211
14030	3205
14031	3205
14032	3205
14033	3205
14034	3211
14035	3205
14036	3211
14037	3205
14038	3211
14039	3205
14040	3211
14041	3205
14042	3205
14043	3211
14044	3219
14045	3211
14046	3219
14047	3211
14048	3239
14049	3205
14050	3205
14051	3205
14052	3205
14053	3211
14054	3211
14055	3211
14056	3205
14057	3205
14058	3205
14059	3239
14060	3211
14061	3205
14062	3205
14063	3211
14064	3211
14065	3205
14066	3205
14067	3205
14068	3205
14069	3205
14070	3205
14071	3205
14072	3205
14073	3239
14074	3205
14075	3211
14076	3211
14077	3219
14078	3205
14079	3205
14080	3211
14081	3205
14082	3205
14083	3205
14084	3205
14085	3205
14086	3205
14087	3211
14088	3239
14089	3239
14090	3239
14091	3205
14092	3202
14093	3205
14094	3211
14095	3239
14096	3239
14097	3211
14098	3239
14099	3205
14100	3205
14101	3205
14102	3239
14103	3211
14104	3205
14105	3239
14106	3211
14107	3205
14108	3205
14109	3250
14110	3205
14111	3211
14112	3205
14113	3219
14114	3211
14115	3211
14116	3205
14117	3205
14118	3205
14119	3211
14120	3239
14121	3239
14122	3250
14123	3239
14124	3211
14125	3313
14126	3262
14127	3205
14128	3205
14129	3205
14130	3211
14131	3324
14132	3239
14133	3211
14134	1555
14135	3211
14136	3205
14137	3211
14138	3205
14139	3211
14140	3239
14141	3211
14142	3211
14143	1555
14144	1555
14145	1555
14146	1555
14147	3239
14148	1555
14149	3205
14150	3211
14151	3211
14152	1555
14153	1555
14154	1555
14155	1555
14156	1555
14157	1555
14158	1555
14159	1555
14160	3211
14161	3313
14162	1555
14163	1555
14164	1555
14165	1555
14166	3211
14167	3211
14168	1557
14169	3336
14170	1557
14171	3211
14172	1555
14173	1559
14174	3211
14175	3211
14176	3239
14177	1560
14178	3343
14179	3211
14180	1559
14181	1560
14182	3211
14183	3211
14184	1555
14185	3324
14186	1560
14187	3211
14188	3211
14189	1560
14190	3211
14191	1560
14192	1560
14193	1554
14194	1554
14195	3211
14196	3239
14197	3343
14198	1560
14199	3304
14200	1560
14201	3211
14202	3211
14203	3211
14204	3343
14205	3313
14206	3211
14207	1560
14208	1560
14209	1560
14210	1560
14211	3211
14212	1560
14213	3304
14214	3211
14215	3336
14216	3324
14217	3211
14218	3336
14219	3324
14220	3336
14221	3211
14222	3343
14223	1554
14224	3211
14225	3324
14226	3211
14227	3343
14228	3239
14229	3313
14230	1554
14231	3336
14232	3336
14233	3211
14234	3343
14235	3343
14236	3324
14237	3343
14238	3324
14239	3343
14240	3336
14241	3343
14242	3336
14243	3324
14244	3324
14245	3313
14246	3324
14247	3324
14248	3324
14249	3324
14250	3343
14251	3343
14252	3324
14253	3336
14254	3324
14255	3324
14256	3324
14257	3304
14258	3324
14259	3336
14260	3336
14261	3336
14262	3313
14263	3301
14264	3313
14265	3324
14266	3324
14267	3324
14268	3324
14269	3324
14270	3301
14271	3313
14272	3304
14273	3313
14274	3313
14275	3313
14276	3301
14277	3313
14278	3321
14279	3301
14280	3321
14281	3321
14282	3321
14283	3321
14284	3301
14285	3321
14286	3321
14287	3321
14288	3321
14289	3321
14290	3321
14291	3321
14292	3321
14293	3301
14294	3336
14295	3336
14296	3336
14297	3336
14298	3336
14299	3321
14300	3301
14301	3321
14302	3336
14303	3350
14304	3296
14305	3336
14306	3321
14307	3336
14308	3336
14309	3336
14310	3336
14311	3336
14312	3350
14313	3350
14314	3336
14315	3336
14316	3336
14317	3336
14318	3321
14319	3321
14320	3321
14321	3350
14322	3350
14323	3350
14324	3350
14325	3336
14326	3350
14327	3336
14328	3350
14329	3350
14330	3350
14331	3321
14332	3336
14333	3301
14334	3321
14335	3336
14336	3350
14337	3350
14338	3321
14339	3350
14340	3301
14341	3350
14342	3370
14343	3321
14344	3321
14345	3321
14346	3370
14347	3336
14348	3350
14349	3350
14350	3321
14351	3321
14352	3370
14353	3321
14354	3321
14355	3321
14356	3321
14357	3370
14358	3346
14359	3370
14360	3370
14361	3350
14362	3370
14363	3321
14364	3321
14365	3321
14366	3350
14367	3336
14368	3370
14369	3301
14370	3301
14371	3321
14372	3321
14373	3370
14374	3321
14375	3370
14376	3370
14377	3321
14378	3336
14379	3321
14380	3350
14381	3368
14382	3321
14383	3321
14384	3368
14385	3363
14386	3321
14387	3346
14388	3370
14389	3336
14390	3321
14391	3301
14392	3368
14393	3321
14394	3358
14395	3321
14396	3368
14397	3368
14398	3321
14399	3321
14400	3321
14401	3321
14402	3346
14403	3370
14404	3307
14405	3307
14406	3331
14407	3321
14408	3321
14409	3321
14410	3321
14411	3321
14412	3368
14413	3370
14414	3368
14415	3321
14416	3321
14417	3321
14418	3321
14419	3321
14420	3321
14421	3368
14422	3350
14423	3321
14424	3350
14425	3368
14426	3368
14427	3368
14428	3370
14429	3321
14430	3370
14431	3346
14432	3336
14433	3363
14434	3368
14435	3368
14436	3368
14437	3321
14438	3346
14439	3363
14440	3321
14441	3321
14442	3321
14443	3321
14444	3368
14445	3368
14446	3368
14447	3368
14448	3368
14449	3370
14450	3358
14451	3368
14452	3370
14453	3368
14454	3321
14455	3368
14456	3368
14457	3358
14458	3346
14459	3368
14460	3370
14461	3346
14462	3368
14463	3368
14464	3368
14465	3346
14466	3350
14467	3346
14468	3346
14469	3370
14470	3368
14471	3368
14472	3368
14473	3346
14474	3346
14475	3346
14476	3368
14477	3368
14478	3368
14479	3368
14480	3368
14481	3368
14482	3368
14483	3350
14484	3368
14485	3368
14486	3358
14487	3363
14488	3368
14489	3368
14490	3346
14491	3368
14492	3368
14493	3368
14494	3368
14495	3368
14496	3368
14497	3368
14498	3368
14499	3358
14500	3358
14501	3368
14502	3368
14503	3363
14504	3346
14505	3368
14506	3377
14507	3368
14508	3370
14509	3370
14510	2369
14511	3368
14512	3368
14513	3368
14514	3368
14515	3346
14516	3358
14517	3358
14518	3370
14519	3358
14520	3358
14521	3368
14522	3368
14523	3363
14524	3368
14525	3370
14526	3368
14527	3363
14528	3368
14529	3363
14530	3368
14531	3368
14532	3368
14533	3368
14534	3370
14535	3370
14536	3368
14537	3368
14538	3368
14539	3368
14540	3368
14541	3368
14542	3368
14543	3368
14544	3368
14545	3368
14546	3363
14547	3368
14548	3363
14549	3358
14550	3358
14551	3363
14552	3368
14553	3368
14554	3368
14555	3368
14556	3363
14557	3368
14558	3368
14559	3368
14560	3368
14561	3370
14562	3368
14563	3368
14564	3368
14565	3368
14566	3363
14567	3363
14568	3363
14569	3370
14570	3363
14571	3363
14572	3363
14573	3363
14574	3368
14575	3370
14576	3368
14577	3370
14578	3368
14579	3368
14580	3368
14581	3368
14582	3368
14583	3368
14584	3368
14585	3368
14586	3370
14587	3368
14588	3368
14589	3370
14590	3370
14591	3370
14592	412
14593	4903
14594	422
14595	422
14596	440
14597	439
14598	439
14599	439
14600	438
14601	451
14602	449
14603	471
14604	451
14605	451
14606	445
14607	493
14608	493
14609	465
14610	453
14611	463
14612	477
14613	418
14628	493
14629	445
14630	463
14631	477
14632	418
14637	453
14639	494
14640	455
14644	512
14645	493
14646	498
14647	477
14648	492
14653	455
14654	494
14666	492
14668	477
14669	498
14672	502
14673	480
14674	496
14675	494
14679	526
14681	492
14682	492
14683	502
14684	516
14685	506
14687	492
14688	494
14689	498
14700	3400
14701	3396
14703	512
14708	492
14709	492
14710	3396
14711	524
14712	540
14713	526
14714	494
14715	494
14716	512
14717	3404
14718	524
14719	516
14722	494
14730	526
14733	491
14734	492
14736	553
14738	494
14739	3399
14740	526
14747	573
14748	3399
14750	507
14753	553
14755	3407
14759	588
14760	3409
14764	588
14767	526
14768	3402
14769	622
14773	3402
14775	613
14777	622
14778	3422
14779	3402
14780	3402
14781	3409
14782	3433
14783	4794
14784	4794
14785	799
14786	4803
14787	4790
14788	4784
14789	4793
14790	4789
14791	780
14792	780
14793	4794
14794	799
14795	4794
14796	780
14797	799
14798	780
14799	799
14800	4784
14801	788
14802	4793
14803	791
14804	388
14805	390
14806	390
14807	780
14808	4789
14809	791
14810	799
14811	409
14812	804
14813	4789
14814	409
14815	415
14816	409
14817	799
14818	416
14819	4789
14820	799
14821	799
14822	423
14823	423
14824	793
14825	817
14826	817
14827	817
14831	3531
14832	3543
14836	3714
14837	3714
14838	3396
14839	3396
14840	506
14841	446
14842	440
14843	471
14844	446
14845	471
14846	458
14847	471
14848	446
14849	496
14850	476
14851	496
14852	502
14853	476
14854	476
14855	506
14856	493
14857	496
14858	496
14859	476
14860	476
14861	464
14862	502
14863	502
14864	496
14865	496
14866	476
14867	496
14868	502
14869	506
14870	516
14871	488
14872	4800
14873	799
14874	784
14875	799
14876	780
14877	799
14878	3659
14879	791
14880	801
14881	791
14882	813
14883	801
14884	807
14885	791
14886	791
14887	801
14888	824
14889	806
14890	813
14891	824
14892	806
14893	814
14894	813
14895	806
14896	832
14897	832
14898	824
14899	831
14900	806
14901	804
14902	832
14903	832
14904	814
14905	806
14906	813
14907	831
14908	805
14909	833
14910	825
14911	830
14912	833
14913	833
14914	409
14915	833
14916	806
14917	832
14918	799
14919	832
14920	806
14921	832
14922	832
14923	3535
14924	417
14925	830
14926	417
14927	3535
14928	3535
14929	3535
14930	826
14931	415
14932	817
14933	829
14934	3597
14935	3597
14936	3531
14937	423
14938	3535
14939	3597
14940	3597
14941	829
14942	837
14943	427
14944	427
14945	3602
14946	427
14947	427
14948	837
14949	837
14950	837
14951	817
14952	3531
14953	837
14954	423
14955	423
14956	427
14957	3597
14958	3597
14959	3597
14960	3597
14961	423
14962	448
14963	837
14964	448
14965	423
14966	448
14967	3597
14968	3597
14969	3597
14970	448
14971	3597
14972	3531
14973	3597
14974	446
14975	3531
14976	3597
14977	3603
14978	446
14979	448
14980	448
14981	446
14982	464
14983	3597
14984	3597
14985	3602
14986	3536
14987	3602
14988	3531
14989	448
14990	467
14991	464
14992	3536
14993	3536
14994	3602
14995	3602
14996	3536
14997	3602
14999	3536
15000	3536
15001	3536
15002	3629
15003	3615
15004	3615
15005	448
15006	3536
15007	3536
15008	467
15009	488
15010	3615
15011	3620
15012	3629
15013	3629
15014	3648
15015	3620
15016	3637
15017	3620
15018	3629
15019	3629
15020	3629
15021	3664
15022	3629
15023	3629
15024	467
15025	3620
15026	488
15027	467
15028	3664
15029	3664
15030	3620
15031	3629
15032	3664
15033	3395
15034	3395
15035	488
15036	3588
15037	488
15038	488
15039	3620
15040	3620
15041	488
15042	3620
15043	3664
15044	3394
15045	488
15046	3664
15047	3620
15048	488
15049	488
15050	488
15051	833
15052	830
15053	833
15054	833
15055	833
15056	830
15057	833
15058	833
15059	833
15060	833
15061	833
15062	833
15063	833
15064	833
15065	830
15066	3597
15067	833
15068	817
15069	3597
15070	3597
15071	3603
15072	3535
15073	3697
15074	3603
15075	3603
15076	833
15077	833
15078	3597
15079	3597
15080	3597
15081	3603
15082	3618
15083	830
15084	833
15085	3738
15086	3738
15087	3618
15088	830
15089	833
15090	3742
15091	833
15092	3536
15093	3597
15094	833
15095	3597
15096	3603
15097	3536
15098	3536
15099	3742
15100	3742
15101	3742
15102	3603
15103	3597
15104	3597
15105	3603
15106	3597
15107	3597
15108	3742
15109	3738
15110	3618
15111	830
15112	3603
15113	3742
15114	3608
15115	3752
15116	830
15117	3532
15118	3536
15119	3742
15120	3687
15121	3752
15122	3608
15123	3748
15124	3749
15125	3755
15126	3796
15127	3796
15128	3597
15129	3597
15130	3742
15131	3752
15132	3532
15133	3536
15134	830
15135	3731
15136	830
15137	3748
15138	3608
15139	3597
15140	3796
15141	3780
15142	3780
15143	3783
15144	3780
15145	3780
15146	3783
15147	3780
15148	3780
15149	3780
15150	3780
15151	3780
15152	3795
15153	3808
15154	3808
15155	3808
15156	3757
15157	3731
15158	3793
15159	3792
15160	4003
15161	3792
15162	3792
15163	3793
15164	3792
15165	3792
15166	3795
15167	3747
15168	3748
15169	3795
15170	3795
15171	3795
15172	3597
15173	3603
15174	3532
15175	3532
15176	3536
15177	3810
15178	3810
15179	3810
15180	3810
15181	3833
15182	3810
15183	3783
15184	3808
15185	3780
15186	3780
15187	3796
15188	3608
15189	3618
15190	3795
15191	3795
15192	837
15193	3740
15194	3532
15195	3536
15196	3532
15197	3757
15198	3751
15199	3792
15200	3597
15201	3731
15202	3792
15203	3793
15204	3748
15205	837
15206	3597
15207	3810
15208	3792
15209	3792
15210	3796
15211	3795
15212	3749
15213	3749
15214	3751
15215	3783
15216	3780
15217	3783
15218	3833
15219	3788
15220	3742
15221	3780
15222	3808
15223	3864
15224	3757
15225	3532
15226	837
15227	3532
15228	3807
15229	3780
15230	3808
15231	3780
15232	3864
15233	3597
15234	3599
15235	3780
15236	3748
15237	3731
15238	3757
15239	3796
15240	3795
15241	3792
15242	3751
15243	3756
15244	3603
15245	3880
15246	3783
15247	3788
15248	3783
15249	3792
15250	3788
15251	3780
15252	3793
15253	4066
15254	3606
15255	3756
15256	3795
15257	3618
15258	3823
15259	3780
15260	3807
15261	3808
15262	3810
15263	3833
15264	3780
15265	3792
15266	3792
15267	3757
15268	3864
15269	3780
15270	3792
15271	3735
15272	3796
15273	3810
15274	3795
15275	3783
15276	3788
15277	3783
15278	3823
15279	4119
15280	3780
15281	3792
15282	3792
15283	3780
15284	4066
15285	3742
15286	3792
15287	3597
15288	3756
15289	3792
15290	3597
15291	3597
15292	3597
15293	3822
15294	3603
15295	3532
15296	387
15297	3599
15298	3606
15299	3833
15300	3792
15301	3808
15302	3807
15303	3807
15304	3796
15305	3618
15306	3810
15307	3823
15308	3780
15309	3864
15310	3599
15311	3731
15312	3780
15313	3603
15314	3795
15315	4071
15316	3807
15317	3808
15318	3751
15319	3796
15320	3603
15321	3795
15322	3780
15323	3792
15324	3606
15325	3651
15326	3740
15327	3780
15328	3792
15329	3757
15330	3780
15331	3756
15332	3749
15333	3742
15334	3783
15335	3788
15336	3783
15337	3788
15338	3603
15339	4066
15340	3795
15341	3780
15342	3833
15343	3756
15344	3808
15345	3808
15346	3795
15347	3792
15348	3807
15349	3792
15350	3792
15351	3742
15352	3603
15353	3780
15354	3864
15355	3846
15356	3792
15357	3603
15358	3780
15359	3822
15360	3780
15361	3795
15362	3864
15363	3823
15364	3618
15365	3792
15366	3603
15367	3606
15368	3792
15369	3822
15370	3808
15371	3864
15372	3808
15373	3807
15374	3829
15375	3943
15376	3792
15377	3780
15378	3756
15379	3795
15380	3780
15381	3749
15382	3846
15383	3780
15384	3742
15385	3795
15386	3808
15387	3788
15388	3792
15389	3780
15390	3783
15391	3792
15392	3603
15393	3780
15394	3783
15395	3822
15396	3864
15397	3603
15398	3742
15399	3810
15400	3792
15401	3756
15402	3751
15403	3751
15404	3615
15405	3599
15406	3792
15407	3603
15408	3599
15409	3757
15410	3755
15411	3808
15412	3730
15413	837
15414	3807
15415	3603
15416	3807
15417	3780
15418	3793
15419	3792
15420	3792
15421	3808
15422	3780
15423	3618
15424	3869
15425	3783
15426	3810
15427	3780
15428	3795
15429	3780
15430	3795
15431	3749
15432	3792
15433	3783
15434	3792
15435	3822
15436	3780
15437	3864
15438	3780
15439	4025
15440	3755
15441	3808
15442	3808
15443	3742
15444	3783
15445	3807
15446	3780
15447	3780
15448	3780
15449	3795
15450	3792
15451	3833
15452	3792
15453	3749
15454	3792
15455	3864
15456	3780
15457	3780
15458	3780
15459	3780
15460	3795
15461	3796
15462	3808
15463	3792
15464	3792
15465	3807
15466	3808
15467	3783
15468	3735
15469	3780
15470	3793
15471	3792
15472	3833
15473	3792
15474	3780
15475	3864
15476	3769
15477	3869
15478	3603
15479	3792
15480	3811
15481	3780
15482	3795
15483	3807
15484	3796
15485	3810
15486	3603
15487	3780
15488	3751
15489	3751
15490	3780
15491	3603
15492	3780
15493	3773
15494	3780
15495	3795
15496	3822
15497	3833
15498	3864
15499	3618
15500	3753
15501	3603
15502	3792
15503	3783
15504	3795
15505	3780
15506	3637
15507	3792
15508	3823
15509	3780
15510	3769
15511	3807
15512	3792
15513	3796
15514	3795
15515	3795
15516	3742
15517	3620
15518	3793
15519	3833
15520	3864
15521	3780
15522	3792
15523	3757
15524	3793
15525	3793
15526	3807
15527	3780
15528	3810
15529	3796
15530	3792
15531	3810
15532	3810
15533	3620
15534	3757
15535	3780
15536	3793
15537	3833
15538	3864
15539	3780
15540	3792
15541	3795
15542	3780
15543	3795
15544	3780
15545	3795
15546	3795
15547	3780
15548	3792
15549	3796
15550	3796
15551	3864
15552	3796
15553	3792
15554	3792
15555	3793
15556	3822
15557	3833
15558	3793
15559	3833
15560	3864
15561	3738
15562	3864
15563	3780
15564	3792
15565	3780
15566	3795
15567	3757
15568	3796
15569	3823
15570	3823
15571	3823
15572	3769
15573	3748
15574	3818
15575	3751
15576	3823
15577	3733
15578	3751
15579	3939
15580	3757
15581	3623
15582	3614
15583	3753
15584	3752
15585	3614
15586	3757
15587	3757
15588	3757
15589	3622
15590	3757
15591	3757
15592	3757
15593	3818
15594	3757
15595	3637
15596	3737
15597	3622
15598	3731
15599	3757
15600	3757
15601	3757
15602	3751
15603	3757
15604	3757
15605	3757
15606	3752
15607	3818
15608	3751
15609	3757
15610	3751
15611	3620
15612	3751
15613	3757
15614	3751
15615	3751
15616	3753
15617	3751
15618	3757
15619	3757
15620	3757
15621	3751
15622	3751
15623	3620
15624	3731
15625	3757
15626	3622
15627	3751
15628	3751
15629	3751
15630	3751
15631	3751
15632	3615
15633	3751
15634	3622
15635	3737
15636	3637
15637	3731
15638	3753
15639	3622
15640	3751
15641	3751
15642	3751
15643	3751
15644	3751
15645	3731
15646	3753
15647	3751
15648	3753
15649	3753
15650	3629
15651	3753
15652	3637
15653	3637
15654	3753
15655	3637
15656	3637
15657	3753
15658	3637
15659	3637
15660	3637
15661	3637
15662	3620
15663	3637
15664	3637
15665	3629
15666	3637
15667	4001
15668	3637
15669	3637
15670	3629
15671	3629
15672	3629
15673	3637
15674	3620
15675	3620
15676	3620
15677	3629
15678	3629
15679	4066
15680	4067
15681	3808
15682	3808
15683	4067
15684	4067
15685	4067
15686	4067
15687	3808
15688	4066
15689	4079
15690	4079
15691	4079
15692	4079
15693	4079
15694	4072
15695	4067
15696	4098
15697	4098
15698	4098
15699	4098
15700	4079
15701	4093
15702	4103
15703	4103
15704	4098
15705	4103
15706	4066
15707	4079
15708	4079
15709	4067
15710	4217
15711	4098
15712	4072
15713	4067
15714	4103
15715	4098
15716	4093
15717	4078
15718	4098
15719	4079
15720	4078
15721	4098
15722	4098
15723	4066
15724	4098
15725	4103
15726	4072
15727	4072
15728	4093
15729	4078
15730	4066
15731	4103
15732	4079
15733	4098
15734	4072
15735	4098
15736	4078
15737	4072
15738	4093
15739	4072
15740	4066
15741	4098
15742	4098
15743	4103
15744	4066
15745	4079
15746	4078
15747	4098
15748	4093
15749	4072
15750	4072
15751	4098
15752	4103
15753	4066
15754	4066
15755	4079
15756	4078
15757	4098
15758	4098
15759	4093
15760	4103
15761	4072
15762	4072
15763	4067
15764	4079
15765	4078
15766	4098
15767	4066
15768	4098
15769	4093
15770	4098
15771	4079
15772	4078
15773	4098
15774	4067
15775	4072
15776	3808
15777	4066
15778	4098
15779	4093
15780	4091
15781	4084
15782	4098
15783	4079
15784	4067
15785	4072
15786	4098
15787	4098
15788	4093
15789	3808
15790	4067
15791	4079
15792	4084
15793	3808
15794	4072
15795	4098
15796	3808
15797	4102
15798	4093
15799	4098
15800	3808
15801	4067
15802	4079
15803	4102
15804	4072
15805	4098
15806	3808
15807	4102
15808	4098
15809	4079
15810	3808
15811	3852
15812	3808
15813	4177
15814	4177
15815	4177
15816	4177
15817	4177
15818	4177
15819	4177
15820	4177
15821	4177
15822	4169
15823	4169
15824	4169
15825	4169
15826	4169
15827	4169
15828	4309
15829	4177
15830	4177
15831	4177
15832	4309
15833	4309
15834	4309
15835	4169
15836	4170
15837	4170
15838	4170
15839	4309
15840	4177
15841	4177
15842	4169
15843	4169
15844	4169
15845	4177
15846	4177
15847	4177
15848	4309
15849	4169
15850	4181
15851	4181
15852	4181
15853	4170
15854	4309
15855	4177
15856	4177
15857	4309
15858	4177
15859	4309
15860	4309
15861	4170
15862	4169
15863	4169
15864	4188
15865	4188
15866	4188
15867	4171
15868	4309
15869	4181
15870	4203
15871	4203
15872	4203
15873	4309
15874	4177
15875	4309
15876	4177
15877	4198
15878	4198
15879	4198
15880	4198
15881	4309
15882	4169
15883	4188
15884	4170
15885	4203
15886	4188
15887	4170
15888	4203
15889	4310
15890	4170
15891	4170
15892	4103
15893	4177
15894	4177
15895	4169
15896	4169
15897	4169
15898	4220
15899	4309
15900	4181
15901	4188
15902	4198
15903	4188
15904	4197
15905	4188
15906	4103
15907	4203
15908	4198
15909	4203
15910	4177
15911	4177
15912	4309
15913	4188
15914	4188
15915	4177
15916	4188
15917	4309
15918	4103
15919	4203
15920	4188
15921	4169
15922	4309
15923	4310
15924	4198
15925	4203
15926	4203
15927	4203
15928	4181
15929	4198
15930	4203
15931	4203
15932	4103
15933	4309
15934	4177
15935	4309
15936	4309
15937	4177
15938	4198
15939	4169
15940	4177
15941	4169
15942	4177
15943	4203
15944	4309
15945	4170
15946	4169
15947	4309
15948	4197
15949	4159
15950	4188
15951	4310
15952	4203
15953	4203
15954	4309
15955	4309
15956	4177
15957	4309
15958	4203
15959	4177
15960	4103
15961	4309
15962	4309
15963	4309
15964	4309
15965	4177
15966	4309
15967	4192
15968	4203
15969	4177
15970	4203
15971	4309
15972	4309
15973	4309
15974	4309
15975	4309
15976	4309
15977	4177
15978	4181
15979	4309
15980	4309
15981	4310
15982	4169
15983	4177
15984	4381
15985	4177
15986	4103
15987	4309
15988	4309
15989	4309
15990	4309
15991	4177
15992	4309
15993	4169
15994	4177
15995	4309
15996	4177
15997	4310
15998	4310
15999	4177
16000	4309
16001	4309
16002	4309
16003	4309
16004	4309
16005	4309
16006	4309
16007	4198
16008	4177
16009	4309
16010	4188
16011	4203
16012	4203
16013	4177
16014	4197
16015	4177
16016	4170
16017	4203
16018	4169
16019	4177
16020	4169
16021	4177
16022	4309
16023	4309
16024	4309
16025	4177
16026	4309
16027	4309
16028	4309
16029	4309
16030	4103
16031	4309
16032	4188
16033	4309
16034	4310
16035	4309
16036	4309
16037	4309
16038	4177
16039	4309
16040	4169
16041	4177
16042	4198
16043	4309
16044	4309
16045	4203
16046	4177
16047	4203
16048	4203
16049	4103
16050	4103
16051	4177
16052	4169
16053	4188
16054	4309
16055	4198
16056	4177
16057	4309
16058	4309
16059	4203
16060	4170
16061	4309
16062	4177
16063	4103
16064	4203
16065	4188
16066	4309
16067	4103
16068	4188
16069	4171
16070	4181
16071	4203
16072	4177
16073	4170
16074	4309
16075	4170
16076	4203
16077	4198
16078	4170
16079	4177
16080	4169
16081	4177
16082	4103
16083	4188
16084	4169
16085	4169
16086	4171
16087	4103
16088	4203
16089	4169
16090	4188
16091	4309
16092	4309
16093	4197
16094	4169
16095	4309
16096	4177
16097	4103
16098	4203
16099	4188
16100	4177
16101	4181
16102	4177
16103	4170
16104	4170
16105	4309
16106	4309
16107	4170
16108	4177
16109	4309
16110	4169
16111	4169
16112	4309
16113	4177
16114	4177
16115	4177
16116	4309
16117	4177
16118	4169
16119	4169
16120	4177
16121	4177
16122	4177
16123	4177
16124	4238
16125	4177
16126	4169
16127	4177
16128	4169
16129	4385
16130	4385
16131	4364
16132	4364
16133	4385
16134	4364
16135	4363
16136	4363
16137	4363
16138	4458
16139	4458
16140	4458
16141	4458
16142	4458
16143	4458
16144	4458
16145	4458
16146	4458
16147	4458
16148	4458
16149	4458
16150	4458
16151	4458
16152	4458
16153	4458
16154	4363
16155	4363
16156	4341
16157	4458
16158	4458
16159	4458
16160	4458
16161	4364
16162	4458
16163	4458
16164	4363
16165	4363
16166	4364
16167	4363
16168	4365
16169	4458
16170	4458
16171	4458
16172	4458
16173	4458
16174	4458
16175	4458
16176	4365
16177	4458
16178	4458
16179	4458
16180	4458
16181	4365
16182	4365
16183	4458
16184	4458
16185	4363
16186	4458
16187	4504
16188	4458
16189	4458
16190	4477
16191	4477
16192	4477
16193	4477
16194	4477
16195	4458
16196	4477
16197	4458
16198	4458
16199	4458
16200	4458
16201	4477
16202	4458
16203	4458
16204	4458
16205	4458
16206	4458
16207	4458
16208	4458
16209	4458
16210	4458
16211	4458
16212	4458
16213	4458
16214	4458
16215	4360
16216	4458
16217	4458
16218	4458
16219	4458
16220	4458
16221	4363
16222	4458
16223	4458
16224	4458
16225	4458
16226	4458
16227	4458
16228	4363
16229	4364
16230	4364
16231	4363
16232	4363
16233	4363
16234	4363
16235	4363
16236	4363
16237	4385
16238	4385
16239	4364
16240	4364
16241	4385
16242	4364
16243	4385
16244	4385
16245	4385
16246	4385
16247	4385
16248	4385
16249	4310
16250	4310
16251	4310
16252	4310
16253	4310
16254	4385
16255	4310
16256	4310
16257	4310
16258	4310
16259	4310
16260	4385
16261	4310
16262	4310
16263	4385
16264	4385
16265	4310
16266	4310
16267	4310
16268	4385
16269	4365
16270	4385
16271	4310
16272	4310
16273	4365
16274	4310
16275	4385
16276	4385
16277	4365
16278	4310
16279	4310
16280	4310
16281	4385
16282	4310
16283	4385
16284	4365
16285	4326
16286	4310
16287	4365
16288	4310
16289	4385
16290	4364
16291	4310
16292	4310
16293	4310
16294	4385
16295	4364
16296	4310
16297	4385
16298	4310
16299	4385
16300	4385
16301	4310
16302	4385
16303	4310
16304	4385
16305	4364
16306	4309
16307	4309
16308	4310
16309	4309
16310	4309
16311	4310
16312	4309
16313	4310
16314	4310
16315	4310
16316	4310
16317	4310
16318	4310
16319	4310
16320	4310
16321	4309
16322	4310
16323	4309
16324	4310
16325	4309
16326	4310
16327	4309
16328	4309
16329	4458
16330	4458
16331	4458
16332	4477
16333	4477
16334	4477
16335	4477
16336	4477
16337	4477
16338	4477
16339	4477
16340	4477
16341	4477
16342	4477
16343	4477
16344	4477
16345	4477
16346	4477
16347	4458
16348	4458
16349	4458
16350	4458
16351	4458
16352	4458
16353	4458
16354	4458
16355	4458
16356	4458
16357	4458
16358	4458
16359	4458
16360	4477
16361	4477
16362	4458
16363	4458
16364	4458
16365	4477
16366	4477
16367	4583
16368	4583
16369	4583
16370	4477
16371	4583
16372	4583
16373	4477
16374	4477
16375	4477
16376	4583
16377	4583
16378	4477
16379	4583
16380	4583
16381	4477
16382	4477
16383	4477
16384	4583
16385	4583
16386	4477
16387	4477
16388	4477
16389	4583
16390	4583
16391	4458
16392	4477
16393	4583
16394	4583
16395	4458
16396	4458
16397	4477
16398	4477
16399	4477
16400	4477
16401	4458
16402	4458
16403	4477
16404	4458
16405	4458
16406	4458
16407	4458
16408	4458
16409	4458
16410	4458
16411	4458
16412	4458
16413	4477
16414	4477
16415	4583
16416	4583
16417	4583
16418	4477
16419	4477
16420	4477
16421	4583
16422	4583
16423	4583
16424	4583
16425	4583
16426	4583
16427	4583
16428	4583
16429	4505
16430	4583
16431	4505
16432	4505
16433	4505
16434	4507
16435	4507
16436	4507
16437	4507
16438	4508
16439	4507
16440	4507
16441	4556
16442	4505
16443	4556
16444	4556
16445	4556
16446	4556
16447	4556
16448	4556
16449	4556
16450	4556
16451	4556
16452	4556
16453	4556
16454	4556
16455	4556
16456	4556
16457	4556
16458	4556
16459	4556
16460	4556
16461	4556
16462	4556
16463	4556
16464	4556
16465	4556
16466	4556
16467	4556
16468	4556
16469	4516
16470	4556
16471	4537
16472	4556
16473	4556
16474	4556
16475	4537
16476	4537
16477	4556
16478	4537
16479	4571
16480	4537
16481	4537
16482	4505
16483	4583
16484	4505
16485	4505
16486	4505
16487	4505
16488	4505
16489	4505
16490	4505
16491	4505
16492	4505
16493	4505
16494	4505
16495	4556
16496	4505
16497	4556
16498	4556
16499	4556
16500	4556
16501	4556
16502	4556
16503	4556
16504	4556
16505	4556
16506	4556
16507	4556
16508	4556
16509	4556
16510	4556
16511	4556
16512	4556
16513	4556
16514	4556
16515	4556
16516	4556
16517	4556
16518	4556
16519	4556
16520	4556
16521	4556
16522	4556
16523	4556
16524	4556
16525	4556
16526	4556
16527	4556
16528	4556
16529	4556
16530	4556
16531	4556
16532	4556
16533	4556
16534	4556
16535	4556
16536	4556
16537	4556
16538	4556
16539	4537
16540	4556
16541	4556
16542	4556
16543	4505
16544	4537
16545	4537
16546	4537
16547	4505
16548	4505
16549	4556
16550	4556
16551	4537
16552	4556
16553	4556
16554	4556
16555	4556
16556	4556
16557	4556
16558	4556
16559	4556
16560	4556
16561	4556
16562	4556
16563	4556
16564	4556
16565	4556
16566	4556
16567	4556
16568	4556
16569	4556
16570	4556
16571	4556
16572	4556
16573	4556
16574	4556
16575	4556
16576	4556
16577	4556
16578	4556
16579	4556
16580	4556
16581	4556
16582	4556
16583	4556
16584	4556
16585	4556
16586	4556
16587	4556
16588	4556
16589	4556
16590	4556
16591	4556
16592	4556
16593	4505
16594	4556
16595	4556
16596	4556
16597	4556
16598	4556
16599	4537
16600	4556
16601	4537
16602	4556
16603	4556
16604	4556
16605	4556
16606	4556
16607	4556
16608	4556
16609	4556
16610	4556
16611	4556
16612	4556
16613	4556
16614	4556
16615	4556
16616	4556
16617	4556
16618	4556
16619	4556
16620	4556
16621	4556
16622	4556
16623	4556
16624	4556
16625	4556
16626	4556
16627	4556
16628	4556
16629	4556
16630	4556
16631	4556
16632	4556
16633	4556
16634	4556
16635	4556
16636	4556
16637	4556
16638	4556
16639	4556
16640	4556
16641	4556
16642	4556
16643	4556
16644	4556
16645	4556
16646	4556
16647	4556
16648	4556
16649	4556
16650	4556
16651	4556
16652	4556
16653	4556
16654	4556
16655	4556
16656	4556
16657	4556
16658	4556
16659	4556
16660	4556
16661	4556
16662	4556
16663	4556
16664	4556
16665	4556
16666	4556
16667	4563
16668	4556
16669	4556
16670	4556
16671	4556
16672	4556
16673	4556
16674	4556
16675	4556
16676	4556
16677	4556
16678	4556
16679	4556
16680	4556
16681	4556
16682	4556
16683	4556
16684	4556
16685	4556
16686	4556
16687	4556
16688	4556
16689	4556
16690	4556
16691	4556
16692	4556
16693	4556
16694	4505
16695	4505
16696	4505
16697	4505
16698	4507
16699	4556
16700	4556
16701	4556
16702	4556
16703	4556
16704	4556
16705	4556
16706	4556
16707	4556
16708	4556
16709	4556
16710	4556
16711	4556
16712	4556
16713	4556
16714	4556
16715	4556
16716	4556
16717	4556
16718	4556
16719	4556
16720	4556
16721	4556
16722	4556
16723	4556
16724	4556
16725	4556
16726	4556
16727	4556
16728	4556
16729	4556
16730	4556
16731	4556
16732	4556
16733	4556
16734	4556
16735	4556
16736	4556
16737	4556
16738	4556
16739	4556
16740	4556
16741	4556
16742	4556
16743	4556
16744	4537
16745	4537
16746	4537
16747	4537
16748	4537
16749	4537
16750	4537
16751	4523
16752	4536
16753	4503
16754	4503
16755	4583
16756	4583
16757	4583
16758	4477
16759	4477
16760	4477
16761	4477
16762	4477
16763	4583
16764	4583
16765	4583
16766	4583
16767	4505
16768	4505
16769	4583
16770	4505
16771	4505
16772	4505
16773	4538
16774	4538
16775	4537
16776	4615
16777	4614
16778	4624
16779	4615
16780	42
16781	4624
16782	42
16783	45
16784	4615
16785	4624
16786	4637
16787	4614
16788	140
16789	65
16790	4614
16791	4624
16792	45
16793	45
16794	140
16795	4614
16796	60
16797	4614
16798	42
16799	4637
16800	60
16801	60
16802	60
16803	4666
16804	4624
16805	4624
16806	4625
16807	4615
16808	4638
16809	45
16810	4638
16811	4624
16812	36
16813	4666
16814	4624
16815	35
16816	36
16817	4615
16818	4675
16819	4637
16820	4637
16821	4638
16822	36
16823	4637
16824	4675
16825	36
16826	35
16827	4638
16828	4638
16829	4648
16830	4648
16831	4704
16832	4637
16833	42
16834	4671
16835	4637
16836	4637
16837	4637
16838	120
16839	120
16840	35
16841	4696
16842	4648
16843	4687
16844	4615
16845	36
16846	4637
16847	35
16848	4687
16849	119
16850	4696
16851	35
16852	4671
16853	4671
16854	4661
16855	4660
16856	4685
16857	4687
16858	4615
16859	4705
16860	58
16861	4660
16862	4660
16863	4660
16864	4661
16865	36
16866	4638
16867	4715
16868	4660
16869	84
16870	35
16871	4725
16872	4725
16873	4638
16874	4660
16875	4703
16876	4677
16877	4677
16878	4678
16879	105
16880	4615
16881	58
16882	35
16883	4678
16884	4725
16885	84
16886	4615
16887	4725
16888	4725
16889	83
16890	35
16891	4680
16892	4680
16893	4660
16894	4679
16895	58
16896	165
16897	4725
16898	4660
16899	4615
16900	4698
16901	4729
16902	4697
16903	4615
16904	4678
16905	4697
16906	4697
16907	4731
16908	35
16909	84
16910	4648
16911	4725
16912	36
16913	83
16914	4680
16915	83
16916	34
16917	4731
16918	126
16919	4615
16920	165
16921	35
16922	165
16923	58
16924	4615
16925	34
16926	4725
16927	4731
16928	180
16929	4615
16930	50
16931	4720
16932	4720
16933	4718
16934	4735
16935	4735
16936	4616
16937	51
16938	4703
16939	207
16940	75
16941	48
16942	56
16943	768
16944	197
16945	4616
16946	4731
16947	210
16948	4740
16949	4760
16950	233
16951	4632
16952	4735
16953	4735
16954	4733
16955	210
16956	4760
16957	4760
16958	4730
16959	227
16960	269
16961	263
16962	263
16963	4743
16964	4743
16965	287
16966	310
16967	4680
16968	4680
16969	4701
16970	4699
16971	4697
16972	4699
16973	4736
16974	4735
16975	4758
16976	4758
16977	4759
16978	4764
16979	4764
16980	4762
16981	4763
16982	4774
16983	4768
16984	4773
16985	4773
16986	4745
16987	4774
16988	4824
16989	4769
16990	4747
16991	4770
16992	4931
16993	4931
16994	4774
16995	310
16996	4769
16997	4943
16998	4771
16999	4913
17000	4781
17001	4774
17002	4748
17003	4781
17004	4931
17005	4943
17006	4943
17007	4926
17008	4926
17009	4781
17010	4748
17011	4949
17012	4943
17013	4943
17014	4784
17015	4955
17016	4785
17017	4949
17018	4794
17019	4959
17020	4949
17021	4794
17022	4949
17023	4949
17024	4959
17025	4648
17026	4638
17027	4625
17028	4660
17029	4660
17030	4639
17031	4660
17032	4639
17033	4680
17034	4639
17035	31
17036	4663
17037	4680
17038	4639
17039	4640
17040	4640
17041	4663
17042	4663
17043	4663
17044	4680
17045	4640
17046	4663
17047	4640
17048	4676
17049	4628
17050	4663
17051	4663
17052	263
17053	4814
17054	4814
17055	4743
17056	4680
17057	4680
17058	4702
17059	4702
17060	4680
17061	4702
17062	4702
17063	4717
17064	4753
17065	4680
17066	4680
17067	4752
17068	4753
17069	4753
17070	4702
17071	4702
17072	4702
17073	4753
17074	4752
17075	4702
17076	4702
17077	4702
17078	4702
17079	4855
17080	4702
17081	4680
17082	4693
17083	4852
17084	4753
17085	4753
17086	4702
17087	4700
17088	4752
17089	4838
17090	4752
17091	4700
17092	4676
17093	4717
17094	4753
17095	4717
17096	4754
17097	4855
17098	4853
17099	4754
17100	4853
17101	4855
17102	4676
17103	4855
17104	4853
17105	4853
17106	4855
17107	4700
17108	4752
17109	4853
17110	4754
17111	4855
17112	4855
17113	4855
17114	4855
17115	4855
17116	4872
17117	4855
17118	4855
17119	4676
17120	4872
17121	4700
17122	4752
17123	4899
17124	4899
17125	4758
17126	4872
17127	4872
17128	4755
17129	4676
17130	4883
17131	4700
17132	4752
17133	4700
17134	4899
17135	4815
17136	4917
17137	4917
17138	4852
17139	4762
17140	4883
17141	4883
17142	4917
17143	4917
17144	4917
17145	4857
17146	4857
17147	4857
17148	4753
17149	4815
17150	4815
17151	4853
17152	4824
17153	4889
17154	4767
17155	4889
17156	4853
17157	4917
17158	4767
17159	4928
17160	4883
17161	4773
17162	4883
17163	4928
17164	4767
17165	4928
17166	4767
17167	4911
17168	4911
17169	4952
17170	4928
17171	4853
17172	4905
17173	4905
17174	4911
17175	4770
17176	4928
17177	4941
17178	4941
17179	4941
17180	4883
17181	4911
17182	4938
17183	4773
17184	4953
17185	4938
17186	4913
17187	4941
17188	4941
17189	4770
17190	4941
17191	4943
17192	4941
17193	4883
17194	4941
17195	4941
17196	4919
17197	4941
17198	4953
17199	4941
17200	4953
17201	4913
17202	4941
17203	4941
17204	4778
17205	4957
17206	4953
17207	4957
17208	4883
17209	4943
17210	4943
17211	4957
17212	4957
17213	4957
17214	4953
17215	4943
17216	4943
17217	4953
17218	4953
17219	4931
17220	4957
17221	4943
17222	4943
17223	328
17224	4943
17225	4943
17226	4943
17227	4943
17228	4955
17229	4931
17230	4943
17231	4943
17232	4943
17233	4959
17234	4960
17235	4852
17236	4852
17237	4852
17238	4852
17239	4852
17240	4852
17241	4852
17242	4852
17243	4852
17244	4752
17245	4852
17246	4852
17247	4853
17248	4853
17249	4853
17250	4862
17251	4862
17252	4862
17253	4752
17254	4852
17255	4752
17256	4852
17257	4752
17258	4866
17259	4862
17260	4984
17261	4852
17262	4852
17263	4853
17264	4853
17265	4853
17266	4862
17267	4866
17268	4862
17269	4874
17270	4874
17271	4874
17272	4862
17273	4874
17274	4874
17275	4874
17276	4866
17277	4866
17278	4853
17279	4866
17280	4853
17281	4852
17282	4852
17283	4873
17284	4866
17285	4855
17286	4855
17287	4874
17288	4862
17289	4873
17290	4875
17291	4881
17292	4875
17293	4875
17294	4884
17295	4873
17296	4875
17297	4855
17298	4875
17299	4873
17300	4873
17301	4884
17302	4881
17303	4884
17304	4881
17305	4875
17306	4875
17307	4914
17308	4881
17309	4884
17310	4884
17311	4866
17312	4875
17313	4881
17314	4881
17315	4885
17316	4879
17317	5034
17318	5034
17319	5034
17320	4885
17321	4884
17322	4899
17323	4884
17324	4885
17325	4884
17326	5034
17327	4886
17328	4899
17329	4899
17330	5033
17331	5033
17332	4899
17333	4885
17334	4885
17335	4885
17336	4875
17337	5033
17338	4855
17339	4885
17340	4886
17341	4887
17342	4885
17343	4885
17344	4899
17345	4853
17346	4886
17347	5099
17348	5100
17349	5099
17350	5100
17351	5037
17352	4899
17353	4866
17354	5037
17355	5101
17356	4902
17357	5099
17358	5101
17359	4986
17360	4885
17361	4902
17362	4897
17363	5228
17364	5101
17365	4873
17366	4897
17367	5101
17368	5100
17369	5100
17370	5100
17371	5101
17372	5064
17373	5101
17374	5064
17375	5064
17376	4899
17377	4899
17378	4899
17379	5064
17380	5101
17381	4917
17382	5100
17383	4885
17384	5064
17385	5100
17386	5064
17387	5101
17388	5101
17389	4899
17390	5064
17391	5101
17392	5101
17393	4902
17394	4904
17395	5102
17396	5102
17397	5064
17398	5064
17399	5038
17400	5133
17401	5093
17402	5093
17403	5093
17404	5093
17405	5093
17406	5093
17407	5131
17408	5093
17409	5093
17410	5131
17411	5131
17412	5131
17413	5093
17414	5093
17415	5131
17416	5093
17417	5093
17418	5093
17419	5093
17420	5093
17421	5093
17422	5093
17423	5093
17424	5093
17425	5093
17426	5093
17427	5093
17428	5131
17429	5134
17430	5064
17431	5100
17432	5131
17433	5131
17434	5131
17435	4853
17436	5113
17437	5113
17438	5093
17439	5093
17440	5093
17441	5102
17442	5113
17443	5064
17444	5129
17445	5093
17446	5093
17447	5131
17448	5131
17449	5101
17450	5093
17451	5093
17452	5093
17453	5113
17454	4990
17455	5113
17456	5093
17457	5129
17458	5113
17459	5113
17460	4853
17461	5135
17462	5113
17463	5093
17464	5093
17465	5093
17466	5113
17467	5120
17468	5093
17469	5113
17470	5120
17471	5120
17472	5129
17473	5131
17474	5093
17475	5131
17476	5131
17477	5223
17478	5093
17479	5093
17480	5093
17481	5129
17482	5129
17483	5113
17484	4866
17485	5113
17486	5093
17487	5113
17488	5120
17489	5120
17490	5120
17491	4884
17492	5102
17493	5093
17494	5093
17495	5093
17496	5131
17497	5131
17498	5093
17499	5113
17500	5120
17501	5113
17502	5129
17503	5113
17504	5093
17505	4901
17506	4917
17507	4917
17508	4917
17509	5126
17510	5120
17511	4917
17512	4904
17513	4902
17514	5161
17515	5129
17516	5129
17517	5113
17518	4917
17519	5129
17520	5133
17521	5100
17522	5129
17523	5120
17524	5142
17525	5093
17526	5093
17527	5131
17528	5093
17529	5131
17530	5129
17531	5102
17532	5093
17533	5113
17534	5129
17535	5120
17536	5126
17537	5135
17538	5120
17539	5120
17540	5142
17541	5129
17542	5129
17543	5129
17544	5129
17545	5093
17546	5120
17547	5120
17548	5126
17549	5120
17550	5131
17551	5113
17552	5131
17553	5129
17554	5126
17555	5126
17556	5102
17557	5113
17558	5102
17559	5101
17560	4853
17561	5113
17562	4853
17563	5133
17564	5142
17565	5129
17566	5129
17567	5129
17568	5129
17569	5129
17570	5120
17571	5120
17572	5120
17573	5120
17574	5126
17575	5120
17576	5113
17577	5131
17578	5120
17579	5120
17580	5120
17581	5131
17582	4917
17583	4917
17584	4917
17585	5269
17586	4902
17587	4908
17588	5129
17589	5126
17590	5126
17591	4917
17592	4873
17593	5161
17594	5120
17595	5113
17596	4901
17597	4884
17598	4917
17599	5140
17600	5142
17601	5113
17602	5102
17603	5135
17604	5120
17605	5129
17606	5129
17607	5126
17608	5120
17609	5129
17610	5129
17611	5120
17612	5120
17613	5126
17614	5120
17615	5120
17616	5131
17617	5113
17618	5131
17619	5133
17620	5113
17621	5129
17622	5120
17623	5183
17624	5126
17625	5113
17626	5102
17627	5142
17628	5135
17629	5120
17630	5120
17631	5120
17632	5113
17633	5102
17634	5113
17635	5134
17636	4917
17637	4917
17638	4917
17639	4916
17640	4908
17641	4928
17642	5120
17643	4901
17644	5120
17645	5120
17646	5131
17647	5120
17648	5113
17649	5102
17650	5137
17651	5134
17652	5129
17653	4928
17654	5126
17655	5120
17656	5133
17657	5120
17658	5129
17659	4908
17660	5135
17661	5120
17662	5120
17663	5120
17664	5120
17665	5129
17666	5113
17667	5129
17668	5126
17669	5113
17670	5129
17671	5137
17672	5120
17673	5129
17674	5120
17675	5129
17676	5135
17677	5131
17678	4901
17679	5120
17680	4917
17681	4916
17682	4917
17683	5131
17684	4916
17685	4928
17686	5120
17687	5129
17688	5126
17689	5120
17690	4928
17691	5133
17692	4853
17693	4947
17694	4934
17695	5131
17696	5102
17697	5137
17698	5113
17699	5131
17700	4958
17701	4917
17702	5126
17703	5142
17704	5161
17705	5113
17706	5113
17707	5120
17708	5129
17709	5120
17710	5126
17711	4901
17712	5162
17713	5102
17714	4928
17715	4897
17716	5120
17717	5120
17718	5129
17719	4928
17720	4928
17721	5120
17722	4928
17723	5120
17724	5135
17725	5120
17726	5120
17727	5120
17728	5113
17729	4916
17730	5129
17731	5129
17732	5120
17733	5113
17734	5113
17735	5102
17736	5019
17737	5026
17738	4901
17739	5120
17740	5120
17741	5120
17742	5113
17743	5126
17744	5126
17745	5142
17746	5102
17747	5113
17748	4908
17749	4917
17750	5120
17751	5131
17752	5161
17753	4934
17754	5120
17755	5129
17756	5129
17757	5120
17758	5137
17759	4901
17760	4928
17761	5120
17762	5097
17763	4928
17764	5129
17765	5120
17766	5129
17767	4953
17768	5120
17769	5165
17770	4941
17771	5135
17772	4952
17773	5126
17774	5120
17775	5129
17776	5120
17777	4908
17778	5102
17779	5137
17780	4934
17781	5120
17782	5113
17783	5102
17784	4953
17785	4953
17786	4958
17787	4901
17788	5131
17789	4941
17790	5129
17791	5137
17792	5137
17793	5161
17794	5161
17795	5129
17796	4953
17797	4953
17798	4934
17799	5161
17800	5120
17801	5120
17802	5120
17803	5129
17804	5186
17805	5094
17806	5120
17807	4916
17808	4952
17809	4908
17810	4908
17811	4958
17812	4927
17813	4952
17814	4934
17815	4928
17816	4958
17817	4908
17818	4941
17819	4941
17820	4941
17821	4927
17822	4953
17823	4953
17824	4908
17825	4952
17826	4941
17827	4908
17828	4941
17829	4958
17830	4927
17831	4952
17832	4941
17833	4916
17834	4927
17835	4958
17836	4941
17837	4952
17838	4927
17839	4953
17840	4953
17841	4941
17842	4958
17843	4928
17844	4952
17845	4941
17846	4941
17847	4941
17848	4941
17849	4941
17850	4952
17851	4953
17852	4957
17853	4941
17854	4957
17855	4953
17856	4941
17857	4957
17858	4957
17859	4941
17860	4953
17861	4952
17862	4957
17863	5114
17864	5114
17865	5126
17866	5126
17867	5126
17868	5115
17869	5115
17870	5309
17871	5115
17872	5126
17873	5115
17874	5126
17875	5324
17876	5324
17877	5324
17878	5115
17879	5324
17880	5324
17881	5316
17882	5312
17883	5312
17884	5316
17885	5319
17886	5319
17887	5319
17888	5127
17889	5319
17890	5312
17891	5126
17892	5324
17893	5325
17894	5324
17895	5316
17896	5319
17897	5115
17898	5312
17899	5126
17900	5126
17901	5324
17902	5497
17903	5127
17904	5115
17905	5324
17906	5312
17907	5319
17908	5115
17909	5312
17910	5127
17911	5324
17912	5324
17913	5325
17914	5312
17915	5115
17916	5126
17917	5316
17918	5325
17919	5115
17920	5325
17921	5127
17922	5324
17923	5324
17924	5312
17925	5316
17926	5325
17927	5325
17928	5127
17929	5127
17930	5316
17931	5324
17932	5325
17933	5115
17934	5324
17935	5320
17936	5312
17937	5325
17938	5324
17939	5312
17940	5325
17941	5127
17942	5127
17943	5115
17944	5127
17945	5324
17946	5312
17947	5325
17948	5324
17949	5312
17950	5325
17951	5127
17952	5127
17953	5312
17954	5324
17955	5127
17956	5324
17957	5312
17958	5319
17959	5115
17960	5115
17961	5127
17962	5312
17963	5320
17964	5325
17965	5127
17966	5312
17967	5324
17968	5319
17969	5127
17970	5312
17971	5324
17972	5325
17973	5126
17974	5127
17975	5325
17976	5312
17977	5324
17978	5324
17979	5312
17980	5432
17981	5127
17982	5312
17983	5319
17984	5324
17985	5126
17986	5127
17987	5126
17988	5324
17989	5312
17990	5325
17991	5324
17992	5312
17993	5325
17994	5127
17995	5126
17996	5126
17997	5380
17998	5378
17999	5379
18000	5378
18001	5379
18002	5386
18003	5380
18004	5380
18005	5380
18006	5380
18007	5410
18008	5380
18009	5410
18010	5380
18011	5656
18012	5410
18013	5410
18014	5380
18015	5410
18016	5410
18017	5656
18018	5416
18019	5386
18020	5379
18021	5656
18022	5378
18023	5656
18024	5380
18025	5380
18026	5379
18027	5386
18028	5656
18029	5656
18030	5656
18031	5622
18032	5452
18033	5410
18034	5416
18035	5622
18036	5656
18037	5656
18038	5410
18039	5622
18040	5403
18041	5403
18042	5416
18043	5622
18044	5622
18045	5380
18046	5415
18047	5622
18048	5622
18049	5416
18050	5386
18051	5428
18052	5413
18053	5413
18054	5410
18055	5380
18056	5378
18057	5621
18058	5379
18059	5416
18060	5415
18061	5656
18062	5416
18063	5386
18064	5386
18065	5445
18066	5445
18067	5433
18068	5415
18069	5322
18070	5322
18071	5322
18072	5445
18073	5656
18074	5410
18075	5622
18076	5622
18077	5431
18078	5415
18079	5322
18080	5380
18081	5445
18082	5622
18083	5322
18084	5379
18085	5415
18086	5621
18087	5445
18088	5415
18089	5415
18090	5322
18091	5322
18092	5445
18093	5378
18094	5400
18095	5416
18096	5656
18097	5622
18098	5656
18099	5380
18100	5410
18101	5445
18102	5622
18103	5416
18104	5322
18105	5445
18106	5656
18107	5415
18108	5380
18109	5415
18110	5445
18111	5621
18112	5453
18113	5415
18114	5322
18115	5322
18116	5622
18117	5622
18118	5656
18119	5322
18120	5622
18121	5380
18122	5621
18123	5445
18124	5410
18125	5322
18126	5622
18127	5622
18128	5622
18129	5622
18130	5621
18131	5322
18132	5445
18133	5416
18134	5656
18135	5622
18136	5622
18137	5622
18138	5380
18139	5621
18140	5621
18141	5622
18142	5322
18143	5445
18144	5410
18145	5445
18146	5621
18147	5656
18148	5622
18149	5622
18150	5622
18151	5622
18152	5621
18153	5621
18154	5621
18155	5622
18156	5621
18157	5622
18158	5622
18159	5621
18160	5621
18161	5322
18162	5622
18163	5415
18164	5621
18165	5622
18166	5621
18167	5558
18168	5380
18169	5380
18170	5378
18171	5400
18172	5430
18173	5430
18174	5622
18175	5656
18176	5397
18177	5656
18178	5410
18179	5415
18180	5656
18181	5322
18182	5621
18183	5621
18184	5621
18185	5622
18186	5445
18187	5622
18188	5622
18189	5656
18190	5621
18191	5621
18192	5410
18193	5622
18194	5410
18195	5378
18196	5415
18197	5445
18198	5621
18199	5622
18200	5621
18201	5621
18202	5415
18203	5656
18204	5622
18205	5380
18206	5621
18207	5322
18208	5656
18209	5622
18210	5622
18211	5622
18212	5656
18213	5622
18214	5322
18215	5445
18216	5415
18217	5622
18218	5621
18219	5621
18220	5415
18221	5430
18222	5622
18223	5445
18224	5415
18225	5400
18226	5380
18227	5400
18228	5322
18229	5400
18230	5622
18231	5656
18232	5622
18233	5410
18234	5380
18235	5410
18236	5656
18237	5322
18238	5445
18239	5415
18240	5322
18241	5445
18242	5415
18243	5400
18244	5415
18245	5380
18246	5430
18247	5322
18248	5445
18249	5415
18250	5621
18251	5622
18252	5621
18253	5400
18254	5445
18255	5415
18256	5430
18257	5322
18258	5445
18259	5322
18260	5433
18261	5656
18262	5410
18263	5400
18264	5415
18265	5430
18266	5415
18267	5445
18268	5313
18269	5445
18270	5656
18271	5451
18272	5415
18273	5400
18274	5313
18275	5415
18276	5400
18277	5430
18278	5622
18279	5400
18280	5656
18281	5313
18282	5445
18283	5621
18284	5622
18285	5410
18286	5397
18287	5451
18288	5415
18289	5380
18290	5622
18291	5430
18292	5430
18293	5370
18294	5451
18295	5410
18296	5656
18297	5622
18298	5622
18299	5622
18300	5400
18301	5656
18302	5622
18303	5656
18304	5410
18305	5656
18306	5449
18307	5449
18308	5656
18309	5410
18310	5410
18311	5410
18312	5410
18313	5575
18314	5575
18315	5812
18316	5812
18317	5664
18318	5812
18319	5573
18320	5574
18321	5573
18322	5692
18323	5692
18324	5692
18325	5692
18326	5578
18327	5684
18328	5692
18329	5692
18330	5684
18331	5701
18332	5681
18333	5684
18334	5701
18335	5701
18336	5684
18337	5681
18338	5811
18339	5587
18340	5811
18341	5684
18342	5811
18343	5562
18344	5684
18345	5811
18346	5811
18347	5685
18348	5461
18349	5578
18350	5672
18351	5672
18352	5578
18353	5672
18354	5550
18355	5551
18356	5692
18357	5692
18358	5672
18359	5551
18360	5692
18361	5672
18362	5551
18363	5672
18364	5551
18365	5692
18366	5672
18367	5672
18368	5551
18369	5578
18370	5672
18371	5548
18372	5692
18373	5692
18374	5824
18375	5824
18376	5824
18377	5824
18378	5692
18379	5681
18380	5704
18381	5783
18382	5704
18383	5704
18384	5704
18385	5704
18386	5811
18387	5811
18388	5704
18389	5704
18390	5811
18391	5812
18392	5704
18393	5704
18394	5812
18395	5812
18396	5811
18397	5811
18398	5811
18399	5701
18400	5811
18401	5785
18402	5701
18403	5701
18404	5681
18405	5810
18406	5701
18407	5681
18408	5681
18409	5672
18410	5672
18411	5672
18412	5562
18413	5562
18414	5562
18415	5702
18416	5702
18417	5702
18418	5702
18419	5702
18420	5702
18421	5575
18422	5575
18423	5575
18424	5575
18425	5575
18426	5664
18427	5574
18428	5574
18429	5550
18430	5574
18431	5550
18432	5574
18433	5612
18434	5612
18435	5612
18436	5621
18437	5612
18438	5621
18439	5614
18440	5621
18441	5614
18442	5621
18443	5564
18444	5612
18445	5614
18446	5621
18447	5550
18448	5574
18449	5614
18450	5621
18451	5564
18452	5612
18453	5550
18454	5574
18455	5614
18456	5621
18457	5550
18458	5564
18459	5612
18460	5574
18461	5575
18462	5515
18463	5621
18464	5564
18465	5612
18466	5561
18467	5575
18468	5612
18469	5614
18470	5621
18471	5575
18472	5564
18473	5575
18474	5614
18475	5614
18476	5621
18477	5574
18478	5561
18479	5614
18480	5574
18481	5621
18482	5561
18483	5574
18484	5614
18485	5574
18486	5614
18487	5561
18488	5574
18489	5614
18490	5622
18491	5622
18492	5622
18493	5622
18494	5621
18495	5621
18496	5621
18497	5622
18498	5621
18499	5622
18500	5621
18501	5621
18502	5622
18503	5612
18504	5612
18505	5621
18506	5621
18507	5621
18508	5621
18509	5621
18510	5621
18511	5621
18512	5621
18513	5587
18514	5587
18515	5696
18516	5824
18517	5824
18518	5824
18519	5824
18520	5697
18521	5780
18522	5783
18523	5737
18524	5704
18525	5737
18526	5737
18527	5737
18528	5737
18529	5737
18530	5737
18531	5704
18532	5704
18533	5810
18534	5810
18535	5810
18536	5810
18537	5681
18538	5681
18539	5681
18540	5681
18541	5692
18542	5692
18543	5696
18544	5587
18545	5824
18546	5696
18547	5587
18548	5679
18549	5824
18550	5824
18551	5824
18552	5824
18553	5780
18554	5790
18555	5737
18556	5780
18557	5790
18558	5786
18559	5737
18560	5737
18561	5786
18562	5786
18563	5737
18564	5737
18565	5786
18566	5786
18567	5737
18568	5737
18569	5786
18570	5786
18571	5737
18572	5737
18573	5786
18574	5786
18575	5810
18576	5737
18577	5786
18578	5736
18579	5810
18580	5810
18581	5736
18582	5809
18583	5681
18584	5810
18585	5809
18586	5698
18587	5681
18588	5681
18589	5698
18590	5698
18591	5679
18592	5681
18593	5697
18594	5697
18595	5692
18596	5697
18597	5824
18598	5824
18599	5824
18600	5824
18601	5824
18602	5824
18603	5824
18604	5824
18605	5800
18606	5800
18607	5800
18608	5800
18609	5800
18610	5800
18611	5800
18612	5800
18613	5800
18614	5800
18615	5800
18616	5800
18617	5800
18618	5800
18619	5800
18620	5800
18621	5719
18622	5720
18623	5719
18624	5531
18625	5793
18626	5791
18627	5767
18628	5767
18629	5793
18630	5767
18631	5793
18632	5767
18633	5767
18634	5771
18635	5771
18636	5771
18637	5771
18638	5771
18639	5771
18640	5771
18641	5771
18642	5771
18643	5771
18644	5771
18645	5771
18646	5771
18647	5771
18648	5771
18649	5771
18650	5771
18651	5771
18652	5771
18653	5798
18654	5771
18655	5771
18656	5771
18657	5771
18658	5771
18659	5727
18660	5771
18661	5771
18662	5727
18663	5733
18664	5800
18665	5727
18666	5800
18667	5800
18668	5800
18669	5800
18670	5800
18671	5800
18672	5800
18673	5800
18674	5800
18675	5800
18676	5800
18677	5800
18678	5800
18679	5800
18680	5800
18681	5800
18682	5800
18683	5800
18684	5800
18685	5719
18686	5719
18687	5719
18688	5719
18689	5793
18690	5793
18691	5767
18692	5793
18693	5793
18694	5771
18695	5771
18696	5771
18697	5771
18698	5771
18699	5771
18700	5771
18701	5771
18702	5771
18703	5771
18704	5771
18705	5771
18706	5772
18707	5772
18708	5771
18709	5772
18710	5772
18711	5772
18712	5772
18713	5772
18714	5772
18715	5772
18716	5772
18717	5772
18718	5772
18719	5771
18720	5771
18721	5772
18722	5772
18723	5727
18724	5727
18725	5728
18726	5727
18727	5800
18728	5727
18729	5727
18730	5727
18731	5800
18732	5800
18733	5728
18734	5727
18735	5727
18736	5757
18737	5757
18738	5757
18739	5758
18740	5757
18741	5757
18742	5757
18743	5773
18744	5773
18745	5772
18746	5773
18747	5773
18748	5773
18749	5773
18750	5773
18751	5773
18752	5773
18753	5773
18754	5773
18755	5773
18756	5771
18757	5771
18758	5773
18759	5771
18760	5771
18761	5773
18762	5753
18763	5771
18764	5754
18765	5753
18766	5753
18767	5719
18768	5753
18769	5719
18770	5753
18771	5800
18772	5753
18773	5800
18774	5753
18775	5800
18776	5800
18777	5800
18778	5800
18779	5800
18780	5800
18781	5800
18782	5800
18783	5800
18784	5727
18785	5800
18786	5757
18787	5728
18788	5757
18789	5757
18790	5773
18791	5773
18792	5773
18793	5773
18794	5757
18795	5773
18796	5754
18797	5773
18798	5754
18799	5773
18800	5754
18801	5753
18802	5771
18803	5771
18804	5771
18805	5771
18806	5773
18807	5773
18808	5773
18809	5773
18810	5773
18811	5773
18812	5773
18813	5773
18814	5773
18815	5757
18816	5757
18817	5757
18818	5757
18819	5728
18820	5727
18821	5727
18822	5727
18823	5800
18824	5773
18825	5754
18826	5773
18827	5773
18828	5773
18829	5773
18830	5773
18831	5773
18832	5757
18833	5728
18834	5773
18835	5773
18836	5773
18837	5773
18838	5757
18839	5757
18840	5753
18841	5754
18842	5757
18843	5757
18844	5754
18845	5800
18846	5773
18847	5773
18848	5773
18849	5773
18850	5773
18851	5722
18852	5773
18853	5773
18854	5757
18855	5757
18856	5757
18857	5773
18858	5773
18859	5773
18860	5773
18861	5773
18862	5773
18863	5773
18864	5773
18865	5773
18866	5773
18867	5773
18868	5773
18869	5773
18870	5773
18871	5773
18872	5773
18873	5773
18874	5773
18875	5773
18876	5773
18877	5800
18878	5800
18879	5800
18880	5800
18881	5800
18882	5800
18883	5800
18884	5800
18885	5727
18886	5757
18887	5727
18888	5728
18889	5757
18890	5757
18891	5757
18892	5757
18893	5728
18894	5757
18895	5757
18896	5757
18897	5757
18898	5773
18899	5773
18900	5773
18901	5773
18902	5773
18903	5773
18904	5773
18905	5773
18906	5773
18907	5773
18908	5773
18909	5773
18910	5773
18911	5773
18912	5773
18913	5773
18914	5773
18915	5773
18916	5773
18917	5773
18918	5773
18919	5773
18920	5773
18921	5773
18922	5773
18923	5757
18924	5773
18925	5757
18926	5754
18927	5754
18928	5768
18929	5768
18930	5768
18931	5768
18932	5768
18933	5768
18934	5768
18935	5768
18936	5763
18937	5805
18938	5805
18939	5805
18940	5805
18941	5696
18942	5696
18943	5696
18944	5696
18945	5696
18946	5696
18947	5824
18948	5800
18949	5800
18950	5800
18951	5824
18952	5824
18953	5791
18954	5792
18955	5792
18956	5792
18957	5769
18958	5769
18959	5769
